4 17.269775390625
6 13.065185546875
10 19.419921875
14 14.905029296875
13 16.98486328125
14 14.675048828125
13 17.10498046875
11 18.775146484375
7 17.06494140625
5 16.6201171875
1 16.96484375
3 16.02001953125
6 16.864990234375
16 14.8349609375
28 16.005126953125
40 19.364990234375
51 14.119873046875
61 16.39501953125
63 17.295166015625
59 15.83984375
53 17.18994140625
45 17.27001953125
33 15.755126953125
23 16.925048828125
12 16.06494140625
6 17.010009765625
2 16.9599609375
1 715.81494140625
4 17.580078125
9 15.9599609375
14 15.8349609375
54 34.01513671875
46 16.010009765625
60 17.224853515625
63 16.800048828125
61 15.9951171875
56 17.099853515625
49 16.02001953125
37 17.114990234375
25 17.02001953125
14 16.35498046875
6 16.719970703125
1 18.06494140625
1 587.865234375
4 10.125
9 17.27978515625
17 18.30517578125
85 31.099853515625
78 16.14013671875
90 16.98486328125
90 17.510009765625
83 15.635009765625
67 18.2099609375
45 15.260009765625
23 17.630126953125
7 15.724853515625
1 17.27001953125
1 261
4 5.375
9 16.739990234375
18 16.72509765625
30 17.155029296875
50 15.034912109375
66 17.93505859375
70 17.0849609375
66 14.85009765625
60 17.260009765625
49 17.08984375
36 16.070068359375
23 16.715087890625
12 16.97998046875
5 16.324951171875
1 16.794921875
1 450.56005859375
4 16.465087890625
9 15.919921875
24 17.014892578125
58 16.9951171875
83 15.820068359375
112 16.284912109375
117 16.905029296875
104 16.044921875
84 16.9951171875
57 17.19482421875
31 17.050048828125
13 15.885009765625
3 17.78515625
1 286.14501953125
4 14.18994140625
9 14.974853515625
14 16.900146484375
23 18.89501953125
28 14.684814453125
38 16.2001953125
46 18.449951171875
52 14.804931640625
54 19.695068359375
53 15.050048828125
50 16.89990234375
43 17.030029296875
34 15.429931640625
25 15.3701171875
15 17.0849609375
8 16.679931640625
2 16.449951171875
1 17.025146484375
1 112.635009765625
12 21.21484375
10 16.22509765625
13 17.77001953125
15 15.5849609375
14 16.72509765625
12 15.974853515625
10 16.97509765625
7 17.014892578125
4 16.090087890625
2 16.97998046875
1 117.389892578125
6 15.530029296875
16 17.344970703125
46 15.60009765625
85 18.1201171875
112 15.599853515625
127 16.97509765625
134 16.06982421875
123 16.9951171875
90 15.965087890625
47 16.974853515625
13 17.170166015625
1 274.369873046875
4 8.844970703125
9 16.929931640625
17 15.835205078125
45 16.905029296875
83 15.989990234375
115 17.10498046875
121 16.155029296875
111 16.699951171875
90 17.199951171875
59 16.864990234375
32 15.919921875
11 17.18505859375
2 16.014892578125
1 359.135009765625
4 8.864990234375
8 18.230224609375
10 16.4599609375
30 32.304931640625
22 17.06494140625
27 14.900146484375
33 18.75
37 16.47998046875
39 14.669921875
42 15.885009765625
45 17.22998046875
47 17.070068359375
45 16.344970703125
43 16.030029296875
40 17.1298828125
36 17.045166015625
30 16.0498046875
24 16.955078125
16 17.02490234375
11 15.91015625
9 17.094970703125
11 15.9599609375
12 16.900146484375
13 17.114990234375
14 15.9248046875
13 17.080078125
12 16.989990234375
10 15.949951171875
7 17.03515625
5 16.21484375
3 18.10009765625
1 15.93505859375
1 171.184814453125
4 13.110107421875
8 15.985107421875
11 18.094970703125
18 15.389892578125
31 18.01513671875
48 15.394775390625
59 15.97509765625
72 16.264892578125
86 16.760009765625
99 17.10009765625
102 15.945068359375
91 16.98486328125
75 16.985107421875
53 15.93505859375
29 17.079833984375
11 15.97509765625
2 17.014892578125
1 349.66015625
4 19.60498046875
9 17.780029296875
17 15.27490234375
34 16.965087890625
48 13.6298828125
63 16.93994140625
74 15.940185546875
87 17.06982421875
88 18.210205078125
82 14.919921875
72 16.9150390625
55 17.329833984375
45 15.780029296875
39 18.28515625
33 15.89501953125
24 15.824951171875
14 16.875
8 18.304931640625
2 14.824951171875
1 17
1 239.18017578125
4 10.33984375
8 16.969970703125
11 18.56005859375
18 16.925048828125
32 16.7099609375
48 13.93505859375
60 17.02001953125
69 19.39501953125
73 13.39990234375
71 17.219970703125
68 16.47998046875
64 16.31494140625
60 17.505126953125
55 15.875
49 17.14501953125
41 17.18994140625
30 15.68505859375
19 17.219970703125
11 15.885009765625
6 16.93994140625
1 16.070068359375
1 18.25
1 239.014892578125
4 11.550048828125
9 15.125
14 18.445068359375
22 17.39501953125
33 13.8798828125
52 19.60498046875
77 13.64013671875
99 16.96484375
115 15.93505859375
114 17.02001953125
98 16.794921875
76 17.070068359375
49 15.945068359375
25 16.97998046875
10 15.98486328125
1 16.97021484375
1 17.094970703125
1 267.909912109375
4 17.14990234375
9 16.625
17 17.9150390625
45 15.380126953125
83 14.329833984375
110 16.425048828125
126 17.18505859375
132 15.989990234375
123 17.050048828125
89 17.139892578125
48 15.89501953125
13 17.080078125
1 300.155029296875
4 18.409912109375
9 16.465087890625
17 17.58984375
32 15.800048828125
54 16.9150390625
81 13.965087890625
108 16.97998046875
112 16.60986328125
99 17.280029296875
88 15.755126953125
75 17.0048828125
57 17.150146484375
37 16.21484375
18 15.925048828125
7 17.06494140625
1 16.97509765625
1 249.875
4 18.864990234375
7 17.60009765625
12 15.344970703125
38 33.635009765625
28 15.73486328125
35 17.380126953125
39 14.56494140625
42 18.119873046875
43 17.315185546875
43 16.93994140625
40 14.744873046875
38 18.420166015625
35 16.3349609375
32 14.044921875
32 17.26513671875
33 16.659912109375
34 16.27490234375
34 18.1201171875
33 14.864990234375
31 16.905029296875
25 18.199951171875
19 14.85498046875
12 16.949951171875
7 17.1650390625
2 15.955078125
1 18.155029296875
1 199.514892578125
6 18.080078125
13 16.385009765625
21 16.73486328125
34 17.065185546875
53 15.89990234375
79 14.945068359375
102 17.3798828125
117 15.955078125
114 16.715087890625
98 16.019775390625
76 17.005126953125
50 17.14990234375
36 16.065185546875
32 16.875
26 17.02978515625
20 15.85009765625
12 17.260009765625
7 15.905029296875
3 34.050048828125
1 219.544921875
4 13.5
9 19.330078125
17 15.83984375
32 16.78515625
65 13.85986328125
102 17.1201171875
130 16.989990234375
133 16.094970703125
119 16.72509765625
92 17.02978515625
58 17.26513671875
28 15.824951171875
10 33.074951171875
1 267.22509765625
6 18.530029296875
13 16.64990234375
21 16.195068359375
33 18.389892578125
54 13.340087890625
79 16.06494140625
102 16.775146484375
118 18.10498046875
114 15.0498046875
99 17.06005859375
76 16.9150390625
49 16.044921875
24 17.03515625
9 15.934814453125
1 18.4501953125
1 16.809814453125
1 203.5400390625
4 13.2900390625
8 16.875
11 17.22998046875
19 17.840087890625
32 15.014892578125
52 16.7099609375
78 14.89501953125
102 15.81005859375
117 17.235107421875
115 16.98486328125
99 15.880126953125
76 17.034912109375
50 17.2900390625
25 15.784912109375
9 16.880126953125
1 15.969970703125
1 17.2099609375
1 266.2900390625
6 19.18994140625
13 16.794921875
21 17.480224609375
33 15.9599609375
53 14.679931640625
78 15.81494140625
104 17.005126953125
108 16.014892578125
98 17.094970703125
79 17.010009765625
65 16.22998046875
56 16.735107421875
42 17.02001953125
26 15.8798828125
12 17.14501953125
4 17.18505859375
1 15.7548828125
1 221.25
4 12.830078125
8 18.47998046875
11 17.719970703125
19 16.465087890625
31 13.2900390625
53 18.614990234375
78 14.27001953125
102 17.125
118 16.10986328125
119 18.3349609375
91 15.655029296875
51 15.89013671875
14 16.534912109375
1 352.8701171875
4 16.664794921875
9 16.215087890625
14 16.89501953125
22 14.550048828125
33 18.35498046875
47 15.8349609375
58 15.699951171875
67 16.155029296875
69 16.8701171875
69 17.06494140625
65 15.93994140625
59 18.219970703125
53 15.78515625
45 16.079833984375
36 17.005126953125
24 15.89501953125
15 17.139892578125
7 16.344970703125
2 16.68017578125
1 17.074951171875
1 301.7548828125
4 18.22998046875
8 15.28515625
11 16.949951171875
19 16.905029296875
31 16.89501953125
53 17.119873046875
78 14.800048828125
102 17.1650390625
119 14.719970703125
115 17.110107421875
99 15.619873046875
76 16.425048828125
49 17.994873046875
25 15.81005859375
8 16.10498046875
2 18
1 285.755126953125
4 16.454833984375
9 16.030029296875
17 15.75
33 17.10498046875
54 17.25
83 13.405029296875
105 17.14013671875
119 16.64990234375
119 16.324951171875
91 18.25
70 14.81494140625
53 18.275146484375
30 15.760009765625
10 16.044921875
2 16.85009765625
1 278.02490234375
4 9.255126953125
8 17.139892578125
11 16.175048828125
18 15.514892578125
44 17.05517578125
80 13.539794921875
107 16.02001953125
126 16.844970703125
124 17.10009765625
107 16.280029296875
82 16.8798828125
51 16.905029296875
26 16.0751953125
9 19.244873046875
1 14.7451171875
1 18.954833984375
1 248.85009765625
4 18.3349609375
9 15.22998046875
17 16.695068359375
28 17.199951171875
39 16.14990234375
54 14.925048828125
73 15.85498046875
95 17.110107421875
112 16.0849609375
114 16.824951171875
100 17.070068359375
79 16.014892578125
49 16.89013671875
21 16.96484375
4 16.105224609375
1 16.864990234375
1 246.469970703125
12 24.33984375
11 14.900146484375
18 16.8798828125
32 15.955078125
52 14.580078125
77 17.31982421875
102 15.844970703125
117 16.97021484375
116 16.914794921875
99 16.215087890625
77 16.909912109375
50 16.06005859375
25 17.06494140625
9 16.9150390625
1 16.97509765625
1 15.96484375
1 252.09521484375
6 16.83984375
16 17.1201171875
28 17.175048828125
40 15.789794921875
55 13.735107421875
76 17.23486328125
97 15.93017578125
113 16.869873046875
114 18.195068359375
100 14.800048828125
78 17.06005859375
49 17.079833984375
22 15.949951171875
4 17.130126953125
1 17.094970703125
1 261.235107421875
4 4.96484375
8 16.945068359375
11 18.675048828125
19 17.179931640625
32 16.300048828125
64 13.530029296875
100 18.030029296875
127 17.054931640625
138 15.22998046875
112 17.889892578125
66 15.9150390625
18 15.91015625
1 418.58984375
4 17.045166015625
9 17.98486328125
17 15.324951171875
33 17.5400390625
52 16.01513671875
82 13.56494140625
104 20.27001953125
120 12.8798828125
116 16.8349609375
100 17.235107421875
77 15.985107421875
62 16.8798828125
51 17.1298828125
38 17.210205078125
22 15.68994140625
9 16.4599609375
2 16.840087890625
1 16.719970703125
1 233.079833984375
6 19.365234375
16 17.7548828125
32 15.60009765625
58 13.934814453125
81 19.420166015625
106 13.454833984375
121 17.585205078125
117 16.46484375
100 16.0400390625
77 17.06005859375
50 15.885009765625
24 17.184814453125
9 17.215087890625
1 16.199951171875
1 16.755126953125
5 249.77490234375
8 20
11 16.920166015625
20 16.329833984375
30 16.26513671875
51 13.21484375
78 16.60498046875
102 17.110107421875
118 17.034912109375
116 15.89501953125
99 17.054931640625
77 17.02001953125
49 16
25 17.489990234375
9 15.864990234375
1 17.855224609375
1 15.784912109375
1 402.25
4 14.0849609375
9 19.469970703125
17 16.14501953125
85 33.080078125
81 15.889892578125
104 15.074951171875
120 16.525146484375
117 17.094970703125
103 17.014892578125
74 16.005126953125
50 17.034912109375
24 15.93505859375
9 17.080078125
1 17.099853515625
1 15.80517578125
1 267.219970703125
6 18.429931640625
16 17.3349609375
33 17.405029296875
58 14.0048828125
83 15.885009765625
107 15.8701171875
121 18.469970703125
117 15.554931640625
100 16.0400390625
76 17.114990234375
48 17.18017578125
24 15.659912109375
8 17.215087890625
2 16.014892578125
1 285.4150390625
6 16.844970703125
15 16.945068359375
32 16.655029296875
56 17.079833984375
83 14.91015625
110 15.3798828125
114 17.534912109375
105 15.85498046875
95 18.18505859375
77 14.755126953125
54 18.079833984375
32 15.965087890625
22 15.784912109375
21 19.64013671875
19 16.81005859375
17 16.23486328125
13 15.385009765625
11 18.14013671875
7 17.419921875
5 16.054931640625
3 15.905029296875
1 15.840087890625
1 31.83984375
1 135.875
4 17.010009765625
9 17.8701171875
17 15.699951171875
49 14.554931640625
81 15.925048828125
109 16.875
128 17.304931640625
129 16.010009765625
111 16.85009765625
86 16.094970703125
52 18.205078125
20 16.93994140625
4 15.93505859375
1 531.244873046875
27 36.699951171875
20 16.10009765625
59 34.35009765625
48 13.10498046875
68 18.385009765625
89 15.280029296875
95 16.385009765625
90 17.139892578125
81 15.9599609375
73 16.925048828125
59 17.3798828125
43 15.880126953125
27 16.824951171875
14 17.4599609375
4 15.66015625
1 19.19482421875
1 13.9951171875
1 257.93994140625
4 9.175048828125
9 18.39501953125
14 16.514892578125
22 16.844970703125
44 14.78515625
78 16.125
111 16.934814453125
117 16.01513671875
107 18.239990234375
93 15.760009765625
80 16.02001953125
60 17.14990234375
37 16.4150390625
17 16.590087890625
5 17.02001953125
1 17.074951171875
1 267.869873046875
4 18.525146484375
9 12.96484375
17 18.690185546875
45 14.3349609375
83 18.794921875
115 15.205078125
122 15.679931640625
110 17.31005859375
89 15.885009765625
72 16.909912109375
60 17.255126953125
41 15.914794921875
22 17.010009765625
8 17.170166015625
2 15.7900390625
1 297.954833984375
12 22.39013671875
11 15.9150390625
18 15.875
32 16.6298828125
51 15.47509765625
75 18.27001953125
86 14.1748046875
90 16.0400390625
91 17.28515625
86 16.804931640625
70 16.9599609375
57 15.955078125
48 17.10986328125
36 16.9599609375
22 16.27001953125
10 16.8251953125
3 15.875
1 19.309814453125
1 250.43505859375
6 15.81494140625
13 16.580078125
21 16.39501953125
33 17.784912109375
49 15.445068359375
73 15.14501953125
103 16.06494140625
111 16.81494140625
99 16.570068359375
82 18.010009765625
68 15.465087890625
58 17.27001953125
42 15.914794921875
26 16.864990234375
11 16.170166015625
3 17
1 16.869873046875
1 245.150146484375
4 4.58984375
7 18.66015625
12 17.619873046875
15 15.949951171875
22 17.050048828125
44 16.400146484375
76 16.744873046875
101 14.01513671875
121 17.139892578125
125 15.77001953125
109 16.9150390625
86 17.094970703125
52 16.034912109375
21 17.375
4 16.97509765625
1 306.679931640625
4 9.4951171875
9 17.974853515625
14 17.76513671875
22 17.169921875
33 12.985107421875
51 17.659912109375
77 16.5
100 15.68505859375
116 17.114990234375
117 16.054931640625
91 16.64501953125
69 17.4599609375
53 16.43994140625
30 15.960205078125
11 17.034912109375
2 17.06494140625
1 349.72509765625
4 18.4599609375
9 17.02001953125
17 16.719970703125
85 34.0400390625
81 12.909912109375
107 18.31494140625
112 15.64501953125
100 16
81 16.93505859375
55 17.050048828125
31 17.409912109375
21 15.705078125
20 16.945068359375
18 16.094970703125
16 16.93994140625
14 15.969970703125
10 17.06494140625
8 20.405029296875
4 14.985107421875
3 16.68505859375
2 18.125
1 32.02490234375
1 142.034912109375
4 5.275146484375
8 17.25
11 19.224853515625
18 16.170166015625
44 16.8349609375
80 14.849853515625
107 17.094970703125
126 14.9150390625
128 17.35498046875
111 19.315185546875
86 13.60498046875
52 16.889892578125
20 17.570068359375
11 15.5048828125
13 18.315185546875
12 15.804931640625
13 17
13 17.050048828125
11 15.7998046875
10 17.980224609375
8 17.46484375
6 16.830078125
4 15.764892578125
2 18.4951171875
1 15.639892578125
1 144.80517578125
13 22.739990234375
14 16.179931640625
22 15.5
45 15.4599609375
78 16.114990234375
106 17.304931640625
124 15.570068359375
122 17.135009765625
106 17.125
81 15.864990234375
51 17.02490234375
26 15.905029296875
9 17.10009765625
1 17.110107421875
1 15.90478515625
1 282.16015625
27 37.155029296875
22 15.6748046875
44 14.795166015625
79 19.554931640625
105 13.375
124 17.22998046875
122 15.985107421875
106 16.885009765625
81 17.369873046875
52 15.7900390625
25 16.919921875
10 17.27001953125
1 15.760009765625
1 16.969970703125
1 342.955078125
4 6.5849609375
9 19.9150390625
17 17.465087890625
31 15.599853515625
136 32.574951171875
107 15.2451171875
110 15.6650390625
99 17.179931640625
88 15.7900390625
76 17.090087890625
58 17.18994140625
37 15.820068359375
19 17.054931640625
7 16.994873046875
1 16.175048828125
1 285.929931640625
4 14.025146484375
9 19.125
17 15.594970703125
32 14.89990234375
54 17.010009765625
82 16.570068359375
105 16.8349609375
120 16.06494140625
119 17.18017578125
92 15.7998046875
51 17.16015625
32 16.919921875
28 17.169921875
22 15.77001953125
16 17.114990234375
10 16.05517578125
4 16.885009765625
1 17.074951171875
1 16.090087890625
1 288.259765625
4 12.0400390625
8 17.885009765625
11 17.16015625
18 17.914794921875
32 12.960205078125
51 16.764892578125
78 18.215087890625
105 15.050048828125
109 16.994873046875
98 16.889892578125
80 15.97509765625
65 17.2900390625
56 16.06494140625
42 16.955078125
26 17.014892578125
12 16.045166015625
3 17.10986328125
1 15.905029296875
1 377.014892578125
4 7.385009765625
9 15.7451171875
17 17.60009765625
32 16.81494140625
57 17.099853515625
78 15.39013671875
103 15.905029296875
120 17.0849609375
119 19.550048828125
104 13.27490234375
81 17.14990234375
50 17.06005859375
20 15.969970703125
5 16.97998046875
1 344.455078125
4 5.169921875
8 16.855224609375
11 17.554931640625
18 16.73486328125
82 35.6650390625
77 12.455078125
102 18.320068359375
118 15.864990234375
116 15.969970703125
100 18.14501953125
77 15.184814453125
49 16.690185546875
26 16.98486328125
9 16.795166015625
5 16.7548828125
8 18.02001953125
10 16.179931640625
11 16.735107421875
13 16.070068359375
13 16.9599609375
12 15.97998046875
11 16.969970703125
8 16.02001953125
6 17.429931640625
4 16.47998046875
1 16.094970703125
1 129.860107421875
12 19.48486328125
11 17.2001953125
18 16.954833984375
32 15.920166015625
51 17.52490234375
75 16.489990234375
86 17.044921875
87 16.050048828125
81 17.10009765625
73 15.954833984375
63 19.26513671875
50 17.344970703125
33 15.699951171875
18 16.97998046875
7 13.699951171875
2 17.10009765625
1 352.070068359375
6 16.68994140625
15 16.14990234375
32 14.880126953125
55 16.93505859375
84 15.93994140625
111 17.22509765625
114 15.69482421875
101 17.170166015625
81 16.885009765625
54 17.059814453125
30 15.820068359375
12 17.1298828125
3 16
1 17.135009765625
1 323.650146484375
4 11.96484375
9 17
14 16.170166015625
54 32.52001953125
52 14.780029296875
77 18.169921875
99 15.2900390625
116 16.48486328125
208 33.030029296875
52 17.340087890625
14 16.18994140625
1 326.89013671875
4 6.81494140625
9 19.43994140625
14 16.919921875
22 15.985107421875
46 14.5849609375
78 16.094970703125
96 15.919921875
100 17
100 17.2001953125
94 15.93994140625
82 16.93505859375
65 17.010009765625
46 16.054931640625
27 16.93505859375
12 17.219970703125
3 15.614990234375
1 17.284912109375
1 284.635009765625
6 17.300048828125
13 17.27490234375
21 14.97998046875
34 16.39013671875
54 15.23486328125
79 16.989990234375
104 16.730224609375
108 18.594970703125
97 14.554931640625
79 17.1298828125
54 16
31 16.940185546875
14 16.099853515625
4 16.93505859375
1 16.489990234375
1 299.534912109375
27 36.545166015625
22 15.909912109375
33 14.794921875
51 17.22021484375
76 15.71484375
102 17.985107421875
106 15.929931640625
96 16.074951171875
85 16.85498046875
73 17.175048828125
58 16.76513671875
39 15.724853515625
21 17.0400390625
8 16.14501953125
2 16.794921875
1 301.81494140625
6 17.455078125
16 16.14013671875
32 16.934814453125
56 14.52001953125
84 17.655029296875
110 15.360107421875
113 16.47998046875
101 17.139892578125
80 16.0400390625
55 16.89013671875
30 17.125
12 16.074951171875
3 16.969970703125
1 15.974853515625
1 302.02001953125
4 17.75
9 18.440185546875
17 14.77978515625
49 14.840087890625
81 15.3701171875
114 16.744873046875
121 18.169921875
109 14.72509765625
89 18.43505859375
59 15.844970703125
32 16.455078125
13 15.97998046875
2 17.06982421875
1 319.03515625
6 17.27490234375
15 15.78515625
32 14.054931640625
56 17.27001953125
84 17.0400390625
106 15.474853515625
122 17.06005859375
120 16.929931640625
92 16.030029296875
70 18.385009765625
53 15.135009765625
30 16.969970703125
11 15.9951171875
2 17.034912109375
1 286.304931640625
6 16.594970703125
16 16.010009765625
32 14
56 16.5
84 17.10009765625
106 15.909912109375
122 17.16015625
118 16.954833984375
101 17.25
77 15.715087890625
48 17.130126953125
24 16.179931640625
7 16.7900390625
2 19.5
1 282.324951171875
6 17.929931640625
13 15.64013671875
21 16.914794921875
46 14.78515625
84 15.864990234375
100 16.919921875
101 17.505126953125
94 15.349853515625
83 18.170166015625
65 15.89990234375
46 15.9150390625
25 16.925048828125
19 16.784912109375
17 18.39501953125
17 16.5
15 17.139892578125
13 16.739990234375
11 15.989990234375
9 17.97509765625
6 16.155029296875
4 13.58984375
2 17.030029296875
1 17.094970703125
1 18.105224609375
1 297.85498046875
4 19.264892578125
7 17.614990234375
11 16.239990234375
27 32.16015625
15 18.08984375
19 16.340087890625
25 16.02490234375
31 16.465087890625
38 13.929931640625
44 16.75
51 17.1650390625
54 15.885009765625
58 17.239990234375
58 17.6298828125
55 15.39013671875
52 17.945068359375
46 15.69482421875
38 16.090087890625
28 17.179931640625
19 18.18505859375
11 14.5849609375
5 17.175048828125
2 17.050048828125
1 15.829833984375
1 251.14013671875
4 16.619873046875
9 15.655029296875
17 17.110107421875
32 17.2548828125
54 17.320068359375
82 14.97509765625
108 16.544921875
112 16.64501953125
99 16.179931640625
87 17.64501953125
75 16.044921875
57 16.55517578125
37 16.89501953125
18 16.054931640625
7 16.965087890625
1 17.094970703125
1 326.594970703125
4 6.764892578125
8 17.01513671875
11 16.219970703125
18 17.43505859375
33 15.739990234375
49 17.15478515625
78 15.84521484375
101 16.989990234375
118 15.929931640625
119 17.73486328125
93 16.550048828125
72 15.93994140625
53 16.93505859375
30 17.150146484375
10 15.784912109375
2 17.27490234375
1 306.56005859375
4 9.260009765625
26 35.699951171875
33 17.6201171875
54 13.6298828125
82 16.8251953125
105 15.989990234375
120 16.98486328125
118 16.93505859375
92 17.264892578125
51 15.655029296875
14 17.60498046875
1 352.199951171875
4 16.9150390625
9 15.300048828125
17 17.090087890625
32 13.764892578125
54 17.14013671875
82 15.934814453125
105 17.30517578125
121 16.804931640625
121 15.97998046875
103 17.06494140625
80 16.940185546875
48 17.659912109375
19 15.074951171875
4 16.72998046875
1 318.66015625
6 18.0849609375
24 13.2900390625
52 16.784912109375
86 19.544921875
109 13.545166015625
121 17.114990234375
108 15.804931640625
88 16.494873046875
58 16.614990234375
32 17.025146484375
12 15.969970703125
3 17.125
1 335.445068359375
6 17.764892578125
15 16.47998046875
32 13.719970703125
58 17.065185546875
81 15.974853515625
109 16.025146484375
113 18.349853515625
100 15.489990234375
82 17.39013671875
55 15.760009765625
31 16.974853515625
13 15.93505859375
3 17.169921875
1 19.170166015625
1 442.21484375
4 6.135009765625
8 17.800048828125
11 16.590087890625
18 16.89501953125
79 33.074951171875
60 14.60986328125
71 16
86 17.199951171875
98 17.130126953125
100 15.52001953125
91 17.655029296875
75 15.9150390625
53 17.7099609375
30 16.079833984375
12 16.005126953125
3 18.119873046875
1 282.18017578125
4 20.409912109375
9 14.9599609375
17 18.02001953125
33 13.739990234375
55 16.110107421875
82 16.784912109375
105 15.844970703125
120 19.31494140625
118 13.820068359375
92 16.97509765625
69 17.08984375
52 15.940185546875
30 18.284912109375
11 15.764892578125
2 16.1201171875
1 363.60498046875
12 23.135009765625
11 15.75
18 16.77001953125
33 14.574951171875
49 16.010009765625
78 16.97509765625
101 16.14501953125
118 17.099853515625
119 16.8349609375
104 17.940185546875
81 15.059814453125
50 17.070068359375
20 18.0849609375
5 18.455078125
1 281.455078125
4 15.199951171875
9 18.08984375
17 14.735107421875
32 15.969970703125
55 17.044921875
82 17.135009765625
110 17.125
111 15.730224609375
99 17.21484375
80 17.150146484375
54 15.594970703125
29 15.974853515625
13 19.275146484375
3 17.794921875
1 13.739990234375
1 266.10498046875
6 19.199951171875
16 16.885009765625
31 15.1650390625
59 16.735107421875
80 15.21484375
106 16.91015625
122 17.2548828125
121 15.89013671875
104 16.90478515625
81 16.130126953125
49 19.320068359375
20 16.22998046875
4 16.579833984375
1 314.315185546875
4 19.784912109375
9 16.4951171875
17 14.27978515625
49 17.815185546875
79 17.1748046875
114 15.85009765625
121 15.60009765625
110 16.474853515625
90 16.05517578125
60 16.81982421875
32 18.315185546875
12 14.85986328125
2 18.385009765625
5 302.72998046875
9 14.9150390625
14 18.050048828125
30 13.159912109375
51 18.125
81 14.965087890625
106 17.10986328125
122 15.775146484375
118 17.0400390625
102 15.9599609375
78 18.224853515625
49 15.93505859375
24 16.02001953125
16 16.81005859375
16 16.780029296875
15 19.664794921875
14 16.210205078125
13 16.0849609375
12 16.52490234375
9 17.695068359375
6 16.169921875
5 17.275146484375
3 15.81494140625
1 17.10498046875
1 13.6298828125
1 168.135009765625
6 18.60009765625
16 16.449951171875
47 14.580078125
91 17.840087890625
112 15.934814453125
123 15.065185546875
111 16.93994140625
90 16.1650390625
73 17.135009765625
59 17.35498046875
41 15.594970703125
21 17.25
8 15.829833984375
1 17.06005859375
1 320.16015625
4 13.059814453125
9 18.89501953125
17 16.97998046875
32 15.68505859375
54 14.875
82 17.0400390625
105 17.340087890625
121 17.510009765625
116 14.60498046875
101 16.449951171875
76 16.974853515625
60 16.02001953125
51 17.255126953125
37 16.96484375
22 15.880126953125
9 17.10986328125
2 17.190185546875
1 16.119873046875
1 435
6 17.68017578125
16 16.519775390625
32 15.630126953125
56 17.284912109375
84 14.505126953125
108 15.919921875
121 17.114990234375
120 16.929931640625
92 16.070068359375
50 16.824951171875
14 16.31005859375
1 387.919921875
4 12.02001953125
9 18.005126953125
17 17.75
85 33.304931640625
80 13.880126953125
105 16.974853515625
120 16.97998046875
117 16.025146484375
100 17.094970703125
77 17.125
49 15.81494140625
25 16.949951171875
9 15.955078125
1 17.06494140625
1 17
1 349.9150390625
6 18.455078125
15 17.7548828125
32 15.22998046875
58 15.68994140625
83 15.1201171875
107 16.7900390625
121 16.949951171875
120 17.06494140625
103 16.0400390625
81 18.26513671875
49 15.844970703125
20 15.949951171875
4 16.869873046875
1 318.860107421875
4 14.034912109375
9 19.610107421875
17 16.679931640625
85 29.949951171875
81 18.295166015625
104 15.77001953125
119 16.73486328125
125 15.9599609375
115 18.400146484375
84 17.739990234375
44 13.89990234375
12 18.06494140625
1 350.775146484375
4 17.60986328125
9 15.77001953125
17 16.705078125
34 16.155029296875
51 14.969970703125
82 17.195068359375
105 16.869873046875
120 15.929931640625
117 16.05517578125
100 16.94482421875
76 18.135009765625
49 14.985107421875
25 16.820068359375
8 17.054931640625
2 17.27490234375
1 317.77001953125
6 18.080078125
16 15.010009765625
32 14.869873046875
58 17.80517578125
81 14.9150390625
108 17.469970703125
113 15.81494140625
100 16.764892578125
81 17.02001953125
67 15.864990234375
56 18.239990234375
41 15.89013671875
25 16.044921875
11 16.860107421875
3 17.3798828125
1 15.81494140625
1 273.4951171875
4 10.06494140625
8 18.68505859375
11 16.10498046875
18 17.25
32 16.6650390625
52 15.31494140625
80 15.64013671875
103 16.474853515625
119 16.43505859375
116 17.010009765625
98 17.010009765625
76 16.905029296875
48 15.905029296875
24 17
8 16.019775390625
2 17
1 319.09521484375
6 16.409912109375
16 16.85009765625
31 16.5498046875
59 15.210205078125
81 15.5
107 17.554931640625
121 15.81494140625
120 17.3701171875
104 15.7099609375
80 16.909912109375
50 18.14501953125
20 15.030029296875
4 16.824951171875
1 483.344970703125
4 16.045166015625
7 19.884765625
12 15.93505859375
46 34.295166015625
38 15.3798828125
64 14.199951171875
103 17.295166015625
116 16.974853515625
106 15.875
89 17.239990234375
75 15.929931640625
61 16.9150390625
43 16.010009765625
24 18.380126953125
9 15.780029296875
2 17.0498046875
1 313.900146484375
12 19.695068359375
11 15.389892578125
25 19.669921875
53 13.080078125
82 17.034912109375
111 17.150146484375
115 15.93505859375
104 17.219970703125
83 16.969970703125
56 15.875
31 17.02490234375
12 17.114990234375
4 15.78515625
1 413.869873046875
12 19.205078125
10 20.744873046875
13 16.330078125
18 17.159912109375
21 15.06005859375
30 14.01513671875
45 17.784912109375
67 15.48486328125
90 16.420166015625
97 17.034912109375
92 16.985107421875
80 15.97998046875
68 17.125
59 17.10498046875
45 15.724853515625
30 18.25
15 16.315185546875
11 15.5048828125
12 16.989990234375
12 16.0849609375
13 17.2900390625
13 16.3349609375
12 17.5751953125
11 15.914794921875
9 16.989990234375
6 17.06005859375
5 15.900146484375
2 17.139892578125
1 15.830078125
1 220.2900390625
4 15.099853515625
9 16.56005859375
17 17.114990234375
32 16.925048828125
54 13.614990234375
79 17.199951171875
91 16.9599609375
90 15.919921875
83 17.4951171875
73 15.719970703125
62 16.7900390625
49 17.25
32 15.830078125
24 17.10498046875
22 17.06494140625
20 15.9599609375
17 17.3349609375
15 103.35009765625
25 13.5
1 16.125
1 353.85986328125
4 12.60009765625
8 19.255126953125
11 16.419921875
27 14.02490234375
50 16.260009765625
82 17.530029296875
106 17.425048828125
123 14.830078125
120 18.375
103 15.239990234375
80 16.514892578125
50 17.005126953125
24 16.8349609375
9 17.169921875
1 76.784912109375
1 6.02001953125
1 248.3349609375
27 37.3701171875
20 15.864990234375
26 17.35009765625
34 15.869873046875
48 15.47998046875
69 16.06005859375
91 15.93505859375
110 17.114990234375
110 17
96 15.905029296875
76 17.074951171875
51 15.89990234375
37 16.989990234375
33 17.155029296875
28 15.969970703125
20 17.03515625
13 19.0048828125
7 16.429931640625
2 16.739990234375
1 16.570068359375
1 270.655029296875
4 10.77001953125
8 18.639892578125
11 14.280029296875
19 20.6650390625
32 12.400146484375
52 16.794921875
79 16.139892578125
102 16.93505859375
117 16.965087890625
115 17
99 15.934814453125
76 17.26513671875
49 16.994873046875
25 15.985107421875
9 16.8798828125
1 16.355224609375
1 16.71484375
13 319.52001953125
11 15.919921875
18 17.080078125
33 16.695068359375
49 13.780029296875
78 16.909912109375
105 17.330078125
110 15.719970703125
98 17.375
80 15.614990234375
56 18.3349609375
31 14.77001953125
14 16.93505859375
3 19.204833984375
1 15.130126953125
1 317.385009765625
4 17.18994140625
9 16.735107421875
14 16.06982421875
22 17.085205078125
33 17.139892578125
51 13.60009765625
75 17.044921875
99 16.155029296875
116 17.294921875
113 16.64990234375
98 17.31005859375
77 15.72509765625
50 17.195068359375
25 15.77490234375
10 17.0048828125
2 16.114990234375
1 18.0751953125
1 292.68994140625
4 6.364990234375
8 19.22998046875
11 17.885009765625
25 14.864990234375
53 13.97998046875
83 17.10009765625
106 16.89501953125
124 16.010009765625
120 16.989990234375
103 17.284912109375
78 15.590087890625
50 18.309814453125
24 15.835205078125
8 18.60986328125
2 13.75
1 346.074951171875
4 3.969970703125
8 21.2900390625
11 15.135009765625
19 13.580078125
123 34.449951171875
107 15.89013671875
126 18.094970703125
128 14.989990234375
112 16.954833984375
85 15.97509765625
52 17.06005859375
20 20.14501953125
4 15.5498046875
1 319.800048828125
4 11.340087890625
9 18.590087890625
17 16.1748046875
85 32.93017578125
80 14.724853515625
108 17.705078125
112 15.2900390625
100 16.974853515625
88 16.360107421875
75 16.925048828125
58 16.744873046875
37 16.795166015625
18 16.3349609375
7 17.030029296875
1 19.409912109375
1 322.494873046875
4 8.7001953125
8 18.184814453125
11 15.780029296875
18 14.800048828125
31 17.169921875
52 19.955078125
78 12.330078125
105 17.27001953125
109 16.89990234375
98 16.005126953125
80 16.969970703125
56 17.10986328125
42 18.3349609375
37 14.93017578125
30 15.9150390625
21 17.06494140625
12 17.050048828125
5 16.77001953125
1 15.875
1 17.079833984375
1 210.594970703125
4 6.360107421875
8 16.739990234375
11 19.869873046875
26 12.89501953125
52 16.755126953125
83 16.364990234375
97 16.23486328125
97 18.050048828125
97 16.03515625
87 16.044921875
76 18.18505859375
65 15.919921875
48 15.800048828125
30 17.125
13 17.044921875
4 16.199951171875
1 16.735107421875
1 256.099853515625
4 10.425048828125
9 16.280029296875
14 17.574951171875
22 15.78515625
33 16.594970703125
52 16.744873046875
75 16.35009765625
100 16.955078125
104 17.544921875
96 15.60009765625
79 16.85498046875
66 17.19482421875
58 15.965087890625
41 17.090087890625
27 15.934814453125
14 16.940185546875
4 16.1748046875
1 16.955078125
1 274.824951171875
4 8.239990234375
9 20.010009765625
17 15.76513671875
28 16.31005859375
50 14.599853515625
81 17.06494140625
106 16.005126953125
113 16.929931640625
102 17.2900390625
84 15.764892578125
68 17.085205078125
58 16.10986328125
42 16.8349609375
24 17.1201171875
10 16.155029296875
2 16.824951171875
1 16.534912109375
1 269.2900390625
6 16.7099609375
13 15.614990234375
21 17.35009765625
127 32.389892578125
112 14.80517578125
119 17.139892578125
107 16.030029296875
87 16.9150390625
59 18.284912109375
32 14.800048828125
13 17.135009765625
3 18.14990234375
1 298.14501953125
6 19.135009765625
13 17.050048828125
21 16.919921875
88 34.010009765625
79 12.56494140625
102 19.18505859375
117 17.445068359375
117 13.31005859375
102 19.494873046875
79 15.93994140625
49 18.005126953125
21 15.31005859375
5 16.454833984375
1 317.72021484375
6 15.96484375
16 16.739990234375
31 17.51513671875
58 13.93994140625
81 15.93505859375
109 17.074951171875
113 16.830078125
100 15.989990234375
82 17.429931640625
55 15.655029296875
31 16.94482421875
13 17.215087890625
3 15.919921875
1 17.0751953125
1 333.169921875
6 19.18505859375
15 15.83984375
32 16.8349609375
58 14.955078125
83 17.01513671875
110 15.5849609375
113 16.349853515625
101 16.89501953125
81 17.195068359375
54 15.925048828125
30 17.1298828125
12 17
3 15.969970703125
1 17.030029296875
1 334.7099609375
4 17.76513671875
9 16.929931640625
18 16.93505859375
35 14.43505859375
51 15.184814453125
81 16.830078125
105 17.25
119 15.900146484375
116 18.099853515625
100 14.81494140625
77 17.10498046875
49 16.880126953125
24 16.030029296875
9 18.43505859375
1 15.56982421875
1 16.005126953125
1 323.405029296875
4 10.030029296875
8 19.039794921875
11 16.72509765625
19 15.239990234375
32 19.340087890625
53 13.71484375
78 15.400146484375
102 17
117 17.304931640625
118 15.8798828125
102 16.880126953125
80 17.35986328125
49 15.7451171875
21 16.945068359375
5 16.204833984375
1 366.695068359375
4 19.929931640625
9 17.30517578125
17 12.030029296875
87 37.559814453125
82 13.8701171875
105 15.445068359375
119 17.02978515625
116 16.925048828125
100 16.02001953125
76 17.10498046875
49 17.05517578125
24 15.90478515625
9 17.10009765625
1 16.054931640625
1 16.969970703125
1 283.1201171875
4 18.0048828125
9 17.155029296875
17 17.10498046875
32 14.66015625
54 15.905029296875
82 17.179931640625
108 16.73486328125
112 16.27001953125
100 16.900146484375
80 16.280029296875
55 16.9599609375
29 17.31005859375
21 15.6748046875
20 19.330078125
18 16.18505859375
16 17.93994140625
13 15.179931640625
11 17.1650390625
7 15.10009765625
5 18.099853515625
3 16.965087890625
2 17.02490234375
1 33.905029296875
1 158.05517578125
4 5.10498046875
8 20.10986328125
11 16.9150390625
19 14.764892578125
43 14.97021484375
80 20.294921875
112 12.570068359375
119 18.385009765625
109 15.77490234375
88 15.719970703125
71 18.195068359375
59 19.349853515625
42 12.72021484375
23 19.269775390625
9 15.730224609375
2 18.639892578125
1 332.5048828125
4 16.9150390625
9 15.27001953125
14 17.864990234375
81 32.065185546875
81 14.309814453125
109 17.219970703125
114 15.85009765625
102 17.044921875
82 17.130126953125
55 16.0849609375
43 16.320068359375
37 18.93994140625
29 14.72509765625
20 16.969970703125
12 16.010009765625
5 18.204833984375
1 18.18017578125
1 15.64990234375
1 285.300048828125
4 16.94482421875
9 15.05517578125
14 13.77490234375
22 19.2451171875
45 17.264892578125
79 16.330078125
106 15.125
124 15.405029296875
126 17.73486328125
109 15.77001953125
85 16.919921875
51 16.130126953125
21 16.969970703125
4 16.969970703125
1 330.3349609375
12 22.43017578125
11 16.6298828125
18 16.300048828125
82 31.590087890625
78 15.794921875
105 16.385009765625
110 16.6650390625
99 17.135009765625
80 15.89501953125
66 16.9599609375
55 15.8798828125
42 17.22509765625
25 17.014892578125
12 16.02001953125
3 18.7451171875
1 15.31982421875
1 339.155029296875
4 10.01513671875
8 19.760009765625
11 13.514892578125
18 19.64013671875
32 14.869873046875
53 16.449951171875
80 15.35498046875
103 16.9501953125
117 16.934814453125
115 15.780029296875
98 17.4150390625
76 16.375
49 16.35009765625
24 17.114990234375
9 18.179931640625
2 14.695068359375
1 324.5498046875
4 9.240234375
9 19.539794921875
17 13.6650390625
33 17.22998046875
53 15.920166015625
81 16.5048828125
105 16.4599609375
120 17.06005859375
119 16.030029296875
92 16.909912109375
52 17.070068359375
14 15.85009765625
1 368.75
4 15.1298828125
8 19.14501953125
11 16.139892578125
50 33.010009765625
51 14.05517578125
78 17.044921875
102 17.10498046875
118 16.034912109375
116 16.880126953125
99 16.0048828125
77 17.070068359375
49 17.0849609375
25 17.26513671875
9 15.56494140625
1 17.39990234375
1 15.76513671875
1 462.425048828125
4 4.469970703125
7 16.780029296875
12 20.054931640625
18 15.75
33 16.89501953125
50 15.98486328125
84 14.080078125
125 17.0400390625
145 16.974853515625
132 15.89501953125
102 17.155029296875
60 15.77001953125
23 18.35498046875
4 16.14013671875
1 355.0048828125
4 10.72509765625
9 18.364990234375
17 14.780029296875
85 33.184814453125
81 16.855224609375
104 17.0498046875
120 17.094970703125
116 15.7451171875
101 16.050048828125
77 16.974853515625
49 17.010009765625
25 16.150146484375
9 18.19482421875
1 15.885009765625
1 16.14013671875
1 371.639892578125
4 13.320068359375
9 16.8349609375
14 15.130126953125
22 15.885009765625
45 16.684814453125
78 16.985107421875
106 16.744873046875
124 16.2451171875
126 18.169921875
110 17.574951171875
85 14.505126953125
52 17
20 15.985107421875
4 17.15478515625
1 362.93017578125
12 20.059814453125
11 17.18505859375
18 16.080078125
84 33.994873046875
79 16.18505859375
102 16.47509765625
119 15.97998046875
115 17.0400390625
100 17.10986328125
76 15.880126953125
49 17.044921875
24 16.324951171875
8 16.955078125
2 17.10498046875
1 364.300048828125
27 40.18505859375
22 12.449951171875
34 17.079833984375
51 17.905029296875
76 14.10009765625
99 16.64990234375
114 17.125
123 17.02001953125
114 15.81005859375
84 16.18505859375
44 16.829833984375
11 17.01513671875
1 405.3798828125
4 11.22998046875
8 16.485107421875
11 17.030029296875
19 18.18994140625
32 15.875
52 17.705078125
79 16.1298828125
103 14.52001953125
118 17.31005859375
114 16.97509765625
99 15.760009765625
76 16.06494140625
48 17.02490234375
25 17.06005859375
9 15.905029296875
1 17.10498046875
1 17.139892578125
1 370.094970703125
4 13.650146484375
9 17.875
17 16.85498046875
34 14.445068359375
52 15.655029296875
81 17.2548828125
104 16.89501953125
121 15.89501953125
120 17.010009765625
103 17.47998046875
81 15.590087890625
49 17.079833984375
20 16.875
4 16.1201171875
1 364.454833984375
12 19.8701171875
11 18.27490234375
18 16.7099609375
31 16.2900390625
52 13.800048828125
77 17.1201171875
102 17.369873046875
118 15.93994140625
119 15.97021484375
103 18.179931640625
81 15.989990234375
50 15.869873046875
20 17.380126953125
5 16.695068359375
1 371.94482421875
4 10.614990234375
9 20.3349609375
17 15.760009765625
33 15.005126953125
51 15.72509765625
81 15.989990234375
108 16.69482421875
113 17.505126953125
100 15.93994140625
88 18.070068359375
75 16.155029296875
57 15.829833984375
37 16.85009765625
19 16.135009765625
6 17.070068359375
1 16.71484375
1 331.47509765625
27 37.159912109375
22 14.275146484375
85 33.044921875
76 17.679931640625
100 16.31494140625
116 16.0400390625
117 17.155029296875
91 15.85498046875
51 16.969970703125
14 17.10498046875
1 377.580078125
4 5.85498046875
9 18.28515625
17 17.429931640625
32 16.22998046875
57 15.119873046875
78 15.66015625
106 18.409912109375
111 14.715087890625
99 16.875
81 16.375
67 16.5849609375
56 17.119873046875
42 15.97021484375
25 18.2099609375
11 15.784912109375
3 15.880126953125
1 17.1298828125
1 310.179931640625
4 6.170166015625
9 18.77001953125
17 16.809814453125
32 14.905029296875
57 18.090087890625
78 14.974853515625
105 17.045166015625
120 17.114990234375
116 15.864990234375
100 15.885009765625
77 17.169921875
49 16.85498046875
24 16.760009765625
9 16.3349609375
1 15.93505859375
1 16.929931640625
1 335.31005859375
4 16.955078125
9 16.544921875
17 17.110107421875
29 18
38 12.06494140625
52 16.97509765625
73 19.474853515625
93 13.550048828125
112 17.1650390625
111 16.81494140625
96 16.1650390625
75 17
50 16.949951171875
27 16.080078125
10 16.8798828125
2 16.125
1 19.375
1 415.75
4 15.824951171875
8 18.875
24 33.800048828125
17 16.06494140625
21 16.675048828125
31 15.91015625
46 14.64501953125
67 16.204833984375
91 18.860107421875
111 14.954833984375
111 15.8701171875
97 17.139892578125
77 17.35009765625
52 15.6650390625
39 16.925048828125
34 16.369873046875
28 17.875
20 18.219970703125
12 15.574951171875
6 18.22021484375
2 13.909912109375
1 18.330078125
1 317.219970703125
4 13.824951171875
9 17.0048828125
14 16.2001953125
28 16.139892578125
53 18.800048828125
82 15.93505859375
109 15.864990234375
114 17.1650390625
102 16.059814453125
82 16.844970703125
66 16.940185546875
56 15.864990234375
42 17.1748046875
24 16.070068359375
11 16.965087890625
2 17.014892578125
1 18.28515625
1 341.33984375
4 6.594970703125
8 20.09521484375
11 15.119873046875
18 17.18505859375
31 13.5400390625
52 19.474853515625
78 14.630126953125
102 15.89990234375
118 17.18994140625
119 17.065185546875
92 17.14990234375
51 17.070068359375
15 15.159912109375
1 370.0849609375
4 13.1650390625
8 19.6650390625
11 17.080078125
19 15.919921875
31 13.22998046875
51 16.989990234375
78 20.0849609375
102 13.18505859375
119 16.840087890625
115 17.639892578125
100 15.635009765625
77 16.205078125
49 17.73486328125
24 15.75
9 17.110107421875
2 15.93994140625
1 333.35498046875
4 18.14013671875
9 18.21484375
17 16.800048828125
33 16.4599609375
52 13.195068359375
81 16.989990234375
104 17.114990234375
120 16.0849609375
116 17.090087890625
101 16.9599609375
77 16.02490234375
49 16.945068359375
25 16.090087890625
9 16.9599609375
1 17.06005859375
1 16.054931640625
1 335.60986328125
4 14.364990234375
9 19.34521484375
17 14.594970703125
31 17.284912109375
55 15.784912109375
82 15.960205078125
104 18.23486328125
120 17
117 14.78515625
100 16.98486328125
76 17.635009765625
49 15.505126953125
25 16.85986328125
8 17.300048828125
2 15.925048828125
1 386.869873046875
4 14.150146484375
7 15.77001953125
12 16.284912109375
50 35.8798828125
64 13.525146484375
100 16.679931640625
128 16.755126953125
132 18.06494140625
116 15.98486328125
90 16.090087890625
57 18.044921875
28 14.85009765625
9 17.06494140625
2 16.804931640625
1 350.239990234375
4 16.27001953125
10 19.344970703125
17 16.590087890625
96 29.985107421875
108 16.83984375
125 17.30517578125
122 15.954833984375
108 16.969970703125
91 17.28515625
64 15.704833984375
37 17.1201171875
14 16.090087890625
3 16.889892578125
1 363.4951171875
12 22.31494140625
11 15.954833984375
19 17.240234375
32 15.864990234375
53 14.96484375
79 17.22998046875
103 15.465087890625
118 17.47509765625
115 16.184814453125
99 16.655029296875
75 16.324951171875
49 17.18505859375
24 16.919921875
8 15.945068359375
2 18.25
1 323.4951171875
4 8.72998046875
9 16.25
17 18.9599609375
33 17.7548828125
52 15.51513671875
81 17.60498046875
107 14.094970703125
112 18.505126953125
104 13.77978515625
94 17.05517578125
78 15.89990234375
55 17.179931640625
32 17.155029296875
15 18
5 17.219970703125
1 17.030029296875
1 354.985107421875
4 8.784912109375
9 17.280029296875
17 19.06005859375
34 16.820068359375
52 16.269775390625
80 13.47021484375
104 17.114990234375
120 16.0498046875
117 16.840087890625
100 17.179931640625
77 17.18505859375
49 17.02490234375
25 15.68017578125
9 16.0849609375
1 16.85498046875
1 16.050048828125
1 333.635009765625
4 18.5
9 14.844970703125
17 17.054931640625
46 16.929931640625
83 16.02001953125
110 16.960205078125
128 17.5849609375
129 15.449951171875
112 16.385009765625
86 18.93994140625
51 17.820068359375
20 15.014892578125
4 18.18994140625
1 324.18505859375
4 6.280029296875
8 16.949951171875
11 16.065185546875
18 16.135009765625
124 34.179931640625
106 15.820068359375
126 16.889892578125
128 17.22998046875
101 15.800048828125
57 17.47998046875
16 17
1 393.945068359375
4 4.929931640625
8 17.389892578125
11 18.610107421875
18 16.489990234375
82 30.5849609375
84 16.219970703125
124 17.735107421875
136 16.14501953125
126 15.885009765625
103 17.059814453125
65 17.125
30 15.980224609375
8 17.179931640625
1 380.06494140625
27 38.630126953125
22 16.58984375
125 32.780029296875
106 13.875
124 17.409912109375
126 16.97998046875
98 15.97021484375
74 19.7998046875
55 15.72509765625
31 14.47998046875
10 17.35498046875
1 15.9150390625
1 335.090087890625
4 17.764892578125
9 17.0400390625
17 13.534912109375
32 16.110107421875
56 17.22998046875
83 17.02490234375
106 16.300048828125
119 18.89501953125
118 13.794921875
101 17.150146484375
80 17.27490234375
49 15.614990234375
20 17.10009765625
5 17.23486328125
1 367.989990234375
4 16.7001953125
9 16.494873046875
17 14.18994140625
86 33.51513671875
80 16.945068359375
104 15.98486328125
120 17.10009765625
120 17.159912109375
93 17.050048828125
70 15.6650390625
53 17.06494140625
30 15.994873046875
11 16.980224609375
2 16.06982421875
1 351.130126953125
4 16.264892578125
9 16.025146484375
17 16.409912109375
33 17.070068359375
53 16.08984375
82 16.920166015625
104 17.074951171875
121 16.06494140625
119 16.89990234375
92 16.03515625
51 17.3349609375
14 16.635009765625
1 482.800048828125
4 17.2900390625
9 18.669921875
14 16.659912109375
23 16.85009765625
32 13.619873046875
51 16.945068359375
75 15.949951171875
98 17.41015625
114 16.6298828125
126 17.3701171875
111 19.35986328125
96 13.27001953125
76 16.0400390625
46 17.1298828125
20 17.400146484375
4 15.389892578125
1 395.55517578125
4 4.914794921875
8 17.47021484375
11 18.919921875
26 16.369873046875
135 32.03515625
107 15.094970703125
121 16.60986328125
127 15.84521484375
117 17.184814453125
98 17.010009765625
76 15.920166015625
47 17.06982421875
18 17.01513671875
4 16.050048828125
1 370.949951171875
4 12.46484375
9 19.445068359375
14 16.715087890625
22 16.27001953125
45 13.39501953125
86 17.0849609375
121 16.98486328125
145 16.030029296875
149 16.9951171875
118 15.98486328125
88 16.97998046875
62 17.27001953125
29 15.8349609375
6 16.925048828125
1 17.545166015625
1 344.44482421875
4 5.18994140625
7 15.80517578125
12 16.93505859375
18 16.954833984375
32 16.525146484375
52 16.47998046875
85 16.094970703125
118 17.06494140625
138 16.9951171875
141 16
111 17.539794921875
63 16.550048828125
18 16.114990234375
1 17.094970703125
4 16.150146484375
8 16.744873046875
10 16.949951171875
13 15.835205078125
14 17.244873046875
14 19.199951171875
13 13.77001953125
10 18.85009765625
7 15.155029296875
4 18.534912109375
2 16.76513671875
1 218.56982421875
4 16.510009765625
9 16.675048828125
17 16.715087890625
35 12.5849609375
63 15.929931640625
102 16.52001953125
130 18.655029296875
139 14.73486328125
115 18.340087890625
66 15.68505859375
19 15.93505859375
1 17.014892578125
4 17.2900390625
8 17.06005859375
10 15.72998046875
13 16.14990234375
14 17.050048828125
14 17.39990234375
13 15.670166015625
10 16.97998046875
7 18.329833984375
4 14.89013671875
2 19
1 202.349853515625
4 11.6201171875
8 17.22509765625
11 17.125
49 34.47998046875
51 14.949951171875
79 16.18505859375
102 16.594970703125
118 17.35986328125
116 15.89013671875
99 17.06982421875
77 17.02001953125
49 15.835205078125
25 17.469970703125
9 15.89990234375
1 18.06005859375
1 17.199951171875
1 321.044921875
4 10.68505859375
9 16.47998046875
17 16.27001953125
85 34.679931640625
81 16.320068359375
105 15.044921875
121 17.090087890625
117 16.89501953125
101 17.2451171875
76 16.014892578125
49 16.625
24 16.18994140625
8 17.10009765625
2 16.994873046875
1 420.1201171875
4 12.349853515625
8 18.52001953125
11 14.400146484375
46 33.5048828125
47 18.1650390625
76 15.005126953125
102 16.889892578125
120 17.0400390625
117 16
102 17.155029296875
78 16.909912109375
51 17.169921875
25 16.150146484375
10 16.64990234375
5 16.0849609375
8 16.97998046875
10 16.91015625
12 16.08984375
12 16.965087890625
13 15.905029296875
13 17.110107421875
10 17.034912109375
9 16.219970703125
5 16.844970703125
4 16.8349609375
1 16.080078125
1 196.60009765625
4 3.43994140625
8 17.530029296875
11 16.5
18 15.994873046875
32 16.965087890625
63 16.074951171875
99 17.030029296875
128 16.98486328125
132 16.28515625
117 16.77001953125
90 16.969970703125
58 15.974853515625
28 18.14501953125
10 15.880126953125
1 16
1 369.010009765625
4 14.224853515625
8 17.005126953125
11 16.330078125
25 16.635009765625
53 16.414794921875
83 18.330078125
107 14.85498046875
122 16.9150390625
127 17.215087890625
117 15.89990234375
85 16.81005859375
45 16.070068359375
12 17
1 330.594970703125
27 36.079833984375
22 17.5751953125
33 17.8798828125
51 13.780029296875
72 17.56494140625
82 16.635009765625
86 16.885009765625
90 16.02490234375
86 17.14013671875
76 17
66 15.889892578125
51 16.4501953125
33 16.669921875
17 18.22998046875
6 15.715087890625
1 15.875
1 370.25
4 13.344970703125
8 18.5
11 17.419921875
18 16.030029296875
32 14.099853515625
64 16.78515625
100 17.724853515625
128 15.7900390625
131 16.300048828125
116 16.625
91 17.090087890625
57 15.885009765625
28 17.159912109375
10 17.074951171875
1 15.969970703125
1 315.97509765625
22 36.669921875
14 13.580078125
19 20.199951171875
30 17.260009765625
49 13.419921875
73 15.925048828125
97 17.074951171875
113 16.150146484375
123 16.8798828125
115 19.2451171875
98 13.8349609375
73 16.965087890625
45 16.199951171875
21 16.9150390625
6 18.364990234375
1 15.300048828125
1 306.27490234375
4 10.125
8 16.905029296875
11 18.280029296875
18 16.510009765625
32 17.14501953125
64 14.5048828125
100 16.255126953125
123 17.10986328125
137 16.044921875
130 16.800048828125
111 17.35498046875
82 17.1201171875
49 15.409912109375
22 17.429931640625
7 16.235107421875
1 16.570068359375
1 316.324951171875
4 19.159912109375
9 16.655029296875
17 16.025146484375
31 17.0048828125
54 13.7900390625
81 17.010009765625
105 17.18994140625
120 15.875
115 17.219970703125
100 19.054931640625
77 13.72509765625
49 17.110107421875
37 16.06494140625
32 16.969970703125
26 17.06494140625
20 16.050048828125
12 16.85498046875
7 17.14013671875
2 17.1748046875
1 17.050048828125
1 242.125
4 8.8349609375
8 17.02001953125
11 17.239990234375
18 13.170166015625
32 18.33984375
51 14.989990234375
78 16.8701171875
102 16.06494140625
118 17.06005859375
115 19.18994140625
99 14.81494140625
77 17.16015625
49 15.784912109375
25 16.0400390625
17 17.034912109375
16 16.945068359375
16 16.590087890625
14 16.494873046875
13 16.31005859375
11 16.77001953125
9 16.905029296875
7 16.164794921875
4 19.735107421875
3 16.97998046875
1 16.2451171875
1 15.989990234375
1 192.0498046875
4 9.375
8 15.440185546875
10 16.9599609375
14 16.869873046875
19 16.940185546875
31 16.579833984375
45 15.800048828125
55 16.199951171875
69 14.815185546875
82 16.93994140625
96 20.994873046875
100 12.195068359375
90 16.18994140625
75 16.72998046875
54 16.940185546875
31 16.14990234375
13 16.85009765625
3 16.97998046875
1 470.829833984375
4 13.960205078125
8 17.269775390625
11 16.18505859375
18 17.375
44 13.675048828125
80 16.955078125
107 15.8349609375
126 17.22998046875
124 16.8798828125
107 15.97021484375
81 17.119873046875
52 16.320068359375
26 16.635009765625
16 17.22998046875
17 15.89990234375
15 18.5
15 15.56005859375
13 15.869873046875
11 16.9951171875
8 17.074951171875
7 15.800048828125
4 17.094970703125
3 19
1 16.72998046875
1 17.074951171875
1 194.02001953125
12 20.5751953125
11 19.114990234375
19 16.0849609375
31 14.6650390625
52 16.344970703125
77 16.844970703125
101 15.929931640625
117 16.9150390625
123 16.074951171875
115 17.110107421875
84 16.199951171875
63 16.639892578125
49 17.10009765625
30 16.1298828125
12 16.93017578125
3 16.974853515625
1 328.89501953125
4 4.56494140625
9 18.239990234375
17 16.630126953125
31 14.68994140625
54 16.525146484375
83 17.625
105 15.3798828125
121 16.570068359375
116 16.954833984375
100 17.090087890625
76 15.925048828125
49 18.22509765625
24 15.824951171875
8 17.079833984375
2 15.93017578125
1 320.260009765625
4 12.46484375
9 19.16015625
17 16.81494140625
32 16.590087890625
65 17.034912109375
110 13.6298828125
126 16.89013671875
123 19.119873046875
113 13.900146484375
92 17.179931640625
61 15.830078125
33 17.385009765625
12 16.419921875
2 16.445068359375
1 366.8349609375
4 19.580078125
8 15.9599609375
11 16.1650390625
19 16.659912109375
31 17.405029296875
52 15.739990234375
79 15.08984375
103 15.690185546875
117 16.744873046875
123 16.985107421875
114 16.919921875
95 15.93994140625
74 17.080078125
46 17.56005859375
19 15.849853515625
4 16.91015625
5 317.619873046875
9 17.675048828125
17 15.885009765625
31 17.010009765625
55 16.679931640625
83 14.93994140625
105 15.84521484375
120 17.14501953125
116 18.324951171875
99 14.724853515625
76 18.25
49 15.815185546875
24 15.869873046875
9 17.72509765625
1 18.135009765625
1 16.0048828125
1 333.405029296875
4 17.889892578125
9 14.93505859375
17 17.239990234375
32 17.01513671875
55 13.494873046875
82 17.150146484375
105 18.179931640625
120 14.77490234375
116 17.030029296875
99 19.544921875
77 15.675048828125
48 14.925048828125
25 18.215087890625
8 14.974853515625
2 18.875
1 314.39501953125
6 19.965087890625
15 17.27490234375
33 16.0400390625
57 15.77001953125
85 13.8701171875
107 20.284912109375
121 14.864990234375
117 16.0849609375
100 15.905029296875
77 15.985107421875
48 17.02978515625
24 17.14501953125
8 15.920166015625
1 19.4150390625
1 377.184814453125
12 24.275146484375
10 16.2900390625
13 13.414794921875
15 18.3701171875
17 16.219970703125
20 16.93505859375
22 16.96484375
25 16.255126953125
29 14.5849609375
38 18.199951171875
51 14.68017578125
70 16.44482421875
91 17.170166015625
96 17.139892578125
90 17.864990234375
77 14.840087890625
59 16.02001953125
37 17.5849609375
19 16.0048828125
7 16.8349609375
1 16.4501953125
1 279.39990234375
4 4.330078125
8 18.934814453125
11 15.59521484375
18 17.289794921875
28 16.7451171875
38 13.994873046875
64 16.510009765625
102 19.510009765625
115 15.89501953125
107 16.719970703125
95 15
82 16.01513671875
61 18.054931640625
40 16.034912109375
19 19.240234375
6 13.659912109375
1 19.52001953125
1 309.73486328125
4 4.27001953125
8 19.64013671875
11 15.559814453125
19 17.215087890625
32 16.090087890625
53 17.33984375
86 14.10498046875
124 18.365234375
145 16.809814453125
131 14.610107421875
101 16.22998046875
59 16.889892578125
22 16.005126953125
4 17.034912109375
1 341.755126953125
4 7.875
9 19.905029296875
17 15.5048828125
31 17.4951171875
55 13.704833984375
81 17.570068359375
105 19.64501953125
120 12.510009765625
119 19.7548828125
103 14.05517578125
80 15.994873046875
50 17.034912109375
20 17.205078125
5 15.93505859375
1 374.0849609375
4 9.364990234375
8 18.784912109375
11 17.330078125
18 16.820068359375
28 15.169921875
38 17.875
50 15.715087890625
79 14.68505859375
117 17.419921875
126 19.175048828125
117 13.60498046875
103 18.22998046875
86 17.675048828125
62 13.364990234375
35 16.7548828125
14 17.14013671875
3 17.1748046875
1 318.840087890625
6 16.4951171875
16 16.719970703125
27 15.81494140625
40 14.97998046875
55 18.044921875
76 17.364990234375
98 14.710205078125
113 15.894775390625
119 18.860107421875
112 16.044921875
82 15.4951171875
60 17.429931640625
48 15.89501953125
30 15.909912109375
13 17.25
3 19.125
1 13.630126953125
1 354.2099609375
4 12.949951171875
23 36.05517578125
22 15.344970703125
33 14.559814453125
51 17.114990234375
77 17.135009765625
100 15.755126953125
116 17.094970703125
113 15.860107421875
98 16.97998046875
76 16.125
49 18.224853515625
25 15.820068359375
10 15.989990234375
1 17.264892578125
1 19.05517578125
1 347.800048828125
4 19.97998046875
9 14.885009765625
14 16.014892578125
22 17.639892578125
33 15.920166015625
51 15.875
76 18.5400390625
98 13.4599609375
116 17.044921875
114 17.27001953125
98 15.625
77 17.050048828125
49 15.97998046875
26 17.02490234375
17 17.110107421875
17 18.635009765625
15 16.784912109375
15 16.420166015625
13 16.8349609375
11 16.824951171875
9 13.7548828125
6 17.25
4 15.945068359375
3 19.135009765625
1 17
1 13.889892578125
1 197.9150390625
12 19.025146484375
11 19.21484375
18 13.735107421875
28 19.35498046875
37 16.389892578125
51 14.68017578125
71 17.02001953125
92 18.010009765625
109 14.635009765625
110 19.844970703125
95 14.280029296875
74 15.919921875
50 17.054931640625
27 16.929931640625
11 15.9951171875
2 16.280029296875
1 16.925048828125
1 474.739990234375
4 9.244873046875
8 18.31494140625
10 15.5
13 17.010009765625
14 17.110107421875
18 16.22509765625
21 16.75
29 17.514892578125
42 15.81005859375
63 16.675048828125
86 14.769775390625
109 16.065185546875
110 18.179931640625
97 15.93994140625
78 15.78515625
52 17.289794921875
29 15.760009765625
12 17.135009765625
3 16.93017578125
1 18.494873046875
1 331.43505859375
4 18.35986328125
9 17.81005859375
17 16.090087890625
28 16.369873046875
39 16.8251953125
54 17.574951171875
74 16.074951171875
95 15.739990234375
113 17.169921875
110 16.1201171875
96 17.93505859375
74 15.239990234375
49 16.83984375
25 17.1650390625
9 13.7451171875
2 19.494873046875
1 16.010009765625
1 370.735107421875
4 10.43994140625
8 20.830078125
11 14.804931640625
18 16.205078125
32 16.875
51 15.23486328125
79 17.830078125
102 14.81494140625
117 16.93994140625
123 16.195068359375
114 17.030029296875
84 15.75
44 17.159912109375
12 17.0400390625
1 363.840087890625
11 18.800048828125
12 21.15478515625
16 14.525146484375
22 16.77001953125
32 17.875
50 16.52490234375
72 13.780029296875
95 16.034912109375
112 16.670166015625
121 16.47998046875
114 17.639892578125
97 15.824951171875
73 16.775146484375
44 16.125
21 17.0400390625
6 19.179931640625
1 16.485107421875
1 312.364990234375
27 38.369873046875
20 16.260009765625
26 16.135009765625
33 16.389892578125
48 16.06005859375
69 15.66015625
91 16.18994140625
109 15.954833984375
119 16.960205078125
113 17.08984375
85 16.0849609375
64 17.840087890625
49 16.2900390625
30 15.784912109375
13 16.97998046875
3 16.125
1 324.72509765625
4 9.22509765625
8 18.97998046875
11 16.98486328125
18 16.06005859375
32 17.455078125
52 15.909912109375
79 16.094970703125
103 14.56494140625
118 17.10498046875
115 16.47509765625
98 15.889892578125
77 17.2900390625
49 16.364990234375
24 16.56005859375
9 17.01513671875
2 17
1 318.7548828125
6 17.4150390625
13 16.094970703125
21 15.97509765625
33 14.669921875
53 18.385009765625
80 14.705078125
103 15.875
118 17.269775390625
114 16.78515625
98 16.030029296875
76 16.89990234375
49 17.130126953125
24 15.934814453125
9 17.06005859375
2 17.070068359375
1 454.02490234375
4 12.150146484375
8 19.184814453125
11 15.81005859375
18 18.340087890625
45 15.294921875
80 14.050048828125
107 17.215087890625
124 17.139892578125
131 15.8798828125
123 17.03515625
103 15.89990234375
75 17.18017578125
45 16
19 16.974853515625
5 16.97998046875
1 16
1 346.7900390625
12 22.135009765625
11 17.070068359375
18 17.119873046875
31 17.110107421875
52 12.89501953125
77 17.059814453125
102 16.835205078125
116 16.059814453125
124 17.945068359375
115 15.880126953125
84 17.96484375
45 17.465087890625
12 13.705078125
1 384.139892578125
6 18.35498046875
15 16.635009765625
32 16.925048828125
56 15.06494140625
85 15.5
108 17.01513671875
120 15.994873046875
126 16.889892578125
115 17.195068359375
82 16.010009765625
43 16.8701171875
11 17.33984375
1 382.150146484375
6 19.434814453125
13 17.300048828125
20 16.7099609375
49 15.84521484375
79 14.25
111 15.994873046875
119 17.179931640625
111 16.97509765625
101 15.965087890625
82 16.824951171875
57 16.570068359375
44 19.244873046875
38 13.93505859375
30 17.0849609375
21 19.125
12 13.75
4 19.56005859375
2 15.969970703125
1 314.175048828125
27 36.72998046875
22 15.875
33 17.635009765625
50 15.614990234375
75 16.364990234375
98 16.989990234375
116 17.349853515625
114 16.364990234375
99 13.940185546875
77 17.139892578125
50 15.840087890625
26 17.18505859375
9 18.344970703125
2 16.724853515625
1 17.400146484375
1 313.544921875
4 19.090087890625
9 18.099853515625
17 15.195068359375
86 32.64501953125
86 15.869873046875
126 15.780029296875
138 18.22998046875
127 14.91015625
113 16.905029296875
90 15.97998046875
61 17.14501953125
31 16.929931640625
10 16.175048828125
1 17.114990234375
5 401.77001953125
7 16.324951171875
12 16.954833984375
18 17.03515625
28 16.080078125
38 17.31982421875
47 15.8349609375
54 14.630126953125
63 16.8349609375
73 15.889892578125
76 20.490234375
77 14.789794921875
78 14.76513671875
74 17.044921875
67 16.405029296875
60 16.945068359375
49 17.135009765625
36 15.9599609375
22 16.449951171875
11 17.080078125
4 19.5
1 15.7548828125
1 286.880126953125
4 10.889892578125
9 20.2900390625
14 14.860107421875
22 17.264892578125
45 16
79 17.639892578125
105 14.045166015625
123 20.1650390625
129 14.919921875
121 14.68994140625
101 17.094970703125
78 18.205078125
47 15.199951171875
18 15.830078125
4 16.695068359375
1 356.744873046875
4 11.510009765625
8 17.175048828125
11 17.014892578125
18 16.844970703125
32 16.510009765625
52 16.93505859375
80 16.364990234375
104 17.3349609375
117 15.905029296875
124 13.675048828125
115 17.18505859375
97 18.974853515625
71 16.125
43 14.72509765625
18 16.155029296875
4 19.375
1 14.599853515625
1 332.170166015625
28 37.139892578125
21 16.215087890625
33 16.114990234375
51 16.85986328125
76 18.60009765625
99 12.695068359375
115 16.155029296875
122 17.034912109375
114 16.0400390625
83 16.994873046875
45 18.25
28 18.405029296875
25 13.3349609375
21 16.050048828125
17 17.03515625
11 18.10986328125
6 15.7900390625
3 16.139892578125
1 33.030029296875
1 250.55517578125
4 18.719970703125
9 15.97998046875
17 17.054931640625
33 16.784912109375
54 16.380126953125
82 14.5048828125
105 16.9501953125
121 17.394775390625
117 18.090087890625
100 14.85498046875
76 15.68505859375
48 16.949951171875
35 16.175048828125
31 20.52490234375
25 13.344970703125
20 17.170166015625
12 15.8798828125
6 17.005126953125
3 16.034912109375
1 18.284912109375
1 267.065185546875
4 17.0498046875
9 16.76513671875
17 15.93505859375
32 17.034912109375
54 15.135009765625
82 16.06494140625
104 16.580078125
121 18.52490234375
117 16.9599609375
100 14.570068359375
77 16.840087890625
48 16.239990234375
24 19.27001953125
8 13.739990234375
2 19.594970703125
1 292.5048828125
4 4.875
8 19.3251953125
10 17.73486328125
14 15.5
19 16.1650390625
31 17.385009765625
49 15.824951171875
73 14.840087890625
98 18.544921875
114 16.68505859375
122 17.195068359375
115 13.655029296875
97 19.47998046875
76 16.77490234375
46 13.739990234375
19 16.93505859375
4 18.43994140625
1 350.06494140625
4 18.010009765625
9 15.670166015625
25 16.02978515625
54 18.22509765625
86 13.880126953125
110 15.75
125 17.414794921875
123 15.8251953125
107 16.8349609375
82 16.034912109375
50 17.380126953125
20 18.764892578125
4 14.72509765625
1 481.25
27 37.0498046875
21 16.68505859375
33 17.419921875
51 15.905029296875
75 13.585205078125
99 17.179931640625
114 19.64990234375
122 15.4951171875
115 14.434814453125
98 19.590087890625
72 13.715087890625
45 17.1650390625
20 17.14501953125
6 18
1 14.864990234375
1 349.494873046875
6 19.89013671875
15 17.10498046875
32 14.679931640625
57 17.02001953125
84 14.619873046875
107 18.2001953125
121 14.914794921875
125 19.22998046875
115 13.7001953125
82 17.034912109375
43 18.205078125
12 14.71484375
1 367.64501953125
4 16.989990234375
9 18.985107421875
14 14.8349609375
21 17.47998046875
33 14.64990234375
51 18.2451171875
72 14.264892578125
82 16.960205078125
88 16.429931640625
94 16.864990234375
97 16.22998046875
91 16.735107421875
80 18.224853515625
68 16.0400390625
49 15.840087890625
30 16.98486328125
12 15.945068359375
3 16.945068359375
1 17.199951171875
1 309.070068359375
4 7.664794921875
8 19.585205078125
11 15.06982421875
16 14.205078125
21 19.31494140625
43 15.9150390625
75 14.68505859375
103 18.1298828125
122 17.655029296875
121 16.485107421875
104 16.139892578125
81 15.68505859375
52 16.14990234375
26 16.635009765625
10 16.47998046875
2 17.85009765625
1 477.485107421875
4 4.579833984375
8 20.945068359375
11 16.034912109375
18 16.64501953125
32 15.655029296875
64 14.070068359375
101 19.33984375
128 16.6201171875
131 15.929931640625
116 14.614990234375
90 17.1650390625
57 16.14013671875
42 16.75
36 16.054931640625
28 17.39990234375
18 18.56494140625
10 17.275146484375
4 15.7900390625
1 17.079833984375
1 313.880126953125
4 20.7548828125
9 14.835205078125
17 17.06982421875
47 16.610107421875
83 13.784912109375
115 16.78515625
122 19.8798828125
109 13.60009765625
96 17.68994140625
81 17.125
60 14.744873046875
35 17.02001953125
16 16.094970703125
4 17.3701171875
1 18.764892578125
1 347.9150390625
6 19.800048828125
16 15.885009765625
32 13.304931640625
55 19.360107421875
84 14.449951171875
107 15.989990234375
120 18.375
126 15.72509765625
115 16.25
83 18.2099609375
43 16.81005859375
27 14.929931640625
24 17.054931640625
20 15.969970703125
17 17.005126953125
11 17.050048828125
7 17.14990234375
4 15.75
1 16.25
1 16.81005859375
1 252.02001953125
6 17.2548828125
13 15.755126953125
28 18.224853515625
54 13.590087890625
85 15.929931640625
112 16.93994140625
116 17.30517578125
102 16.44482421875
90 18.465087890625
77 14.68505859375
57 17.02490234375
36 15.860107421875
17 17.139892578125
5 15.985107421875
1 17.014892578125
1 382.969970703125
4 20.800048828125
9 14.844970703125
17 14.39013671875
33 17.5498046875
55 18.9501953125
82 13.389892578125
105 18.344970703125
119 16.125
116 15.7451171875
100 18.179931640625
76 18.054931640625
48 14.81005859375
25 18.110107421875
8 16.3349609375
2 16.72998046875
1 333.175048828125
6 16.81494140625
15 16.429931640625
32 13.5
57 21.4150390625
85 12.675048828125
107 19.56494140625
121 14.510009765625
120 17.929931640625
102 17.31494140625
80 13.43017578125
49 17.119873046875
20 19.55517578125
5 15.664794921875
1 365.210205078125
4 18.159912109375
9 16.68994140625
17 17.320068359375
32 15.514892578125
54 14.800048828125
82 18.52001953125
105 14.60009765625
121 17.429931640625
116 17.5849609375
100 16.1650390625
76 17.284912109375
62 14.625
52 18.114990234375
37 15.580078125
21 18.659912109375
9 14.47509765625
2 18.385009765625
1 284.889892578125
4 16.330078125
9 15.860107421875
17 16.885009765625
32 15.954833984375
53 14.635009765625
82 17.070068359375
104 16.044921875
120 17.610107421875
116 18.510009765625
100 13.89501953125
77 18.18994140625
61 14.60986328125
51 17.10009765625
38 17.110107421875
22 16.034912109375
10 20.0048828125
2 14.490234375
1 15.419921875
1 448.89990234375
27 37.840087890625
22 16.18994140625
33 13.64013671875
64 18.60498046875
99 15.52001953125
126 15.794921875
129 17.119873046875
113 16.195068359375
89 16.76513671875
57 16.934814453125
28 16.1201171875
10 16.96484375
2 15.85009765625
1 331.5
12 20.885009765625
11 17.284912109375
18 16.155029296875
32 17.094970703125
51 13.97021484375
78 16.724853515625
101 17.025146484375
118 18.48486328125
116 16.705078125
99 14.889892578125
77 15.844970703125
49 17.10498046875
26 15.960205078125
9 17.08984375
1 17.045166015625
1 16.014892578125
1 352.135009765625
4 17.5
9 17.02001953125
17 15.445068359375
31 18.4599609375
55 12.5400390625
83 17.15478515625
105 16.635009765625
120 18.364990234375
125 14.489990234375
114 17.330078125
82 15.8349609375
43 18.190185546875
11 14.644775390625
1 419.22509765625
4 18.300048828125
9 12.68505859375
17 19.294921875
33 17.72998046875
53 12.75
82 17.594970703125
104 16.03515625
120 16.454833984375
117 19.375
99 13.6650390625
77 17.02490234375
49 16.090087890625
25 16.945068359375
8 16.9599609375
2 16.119873046875
1 369.34521484375
4 16.389892578125
9 16.860107421875
17 14.6748046875
35 17.22021484375
53 16.489990234375
82 17.3349609375
105 14.559814453125
119 17.080078125
119 16.72998046875
91 18.485107421875
51 14.7099609375
14 19.14501953125
5 414.239990234375
7 18.06494140625
12 17.110107421875
18 16.77001953125
32 18.349853515625
50 12.5400390625
78 16.905029296875
101 15.780029296875
118 17.330078125
115 16.224853515625
100 17.900146484375
77 15.744873046875
50 17.0400390625
25 16.10986328125
10 16.93505859375
1 15.9951171875
1 16.97998046875
1 349.8349609375
4 19.669921875
9 16.945068359375
17 15.8798828125
87 30.56005859375
82 16.844970703125
104 16.41015625
120 16.89501953125
116 18.56494140625
100 15.580078125
77 15.724853515625
49 17.199951171875
24 15.960205078125
8 16.929931640625
2 20.264892578125
1 359.195068359375
4 4.280029296875
7 18.179931640625
12 17.135009765625
17 14.8349609375
57 34.735107421875
38 14.449951171875
39 15.969970703125
36 19.35498046875
29 14.844970703125
19 17.170166015625
10 16.2099609375
3 16.60986328125