4 11.455078125
13 16.2900390625
30 51.1650390625
300 15.18994140625
142 17.324951171875
136 16.360107421875
103 15.199951171875
56 18.56494140625
15 15.824951171875
1 206.590087890625
44 29.2900390625
39 15.25
56 16.824951171875
78 16.005126953125
99 18.47998046875
116 17.414794921875
115 11.830078125
90 16.81005859375
49 19.2548828125
13 13.675048828125
1 142.635009765625
4 7.969970703125
9 20.824951171875
18 17.815185546875
47 16.530029296875
90 14.72998046875
134 18.280029296875
157 15.884765625
137 12.76513671875
81 17.179931640625
22 15.7451171875
1 149.77001953125
6 18.260009765625
16 15.639892578125
55 15.679931640625
107 18.60009765625
155 14.7099609375
182 17.794921875
157 16.465087890625
94 17.030029296875
27 17.02490234375
1 132.010009765625
7 17.360107421875
16 18.31005859375
48 16.3798828125
93 17.22998046875
133 15.074951171875
168 17.705078125
179 15.945068359375
147 14.659912109375
84 17.52001953125
24 15.985107421875
1 136.46484375
4 17.68505859375
9 12.639892578125
25 20.135009765625
64 14.4501953125
105 17.599853515625
136 17.445068359375
147 15.409912109375
120 19.505126953125
70 13.14990234375
19 16.76513671875
1 124.15478515625
4 10.7001953125
9 24.60986328125
25 9.91015625
63 13.33984375
110 17.10009765625
144 17.389892578125
166 16.925048828125
164 18.35009765625
127 17.030029296875
69 11.934814453125
18 17.0400390625
1 116.89501953125
4 16.22509765625
9 20.31494140625
17 12.7548828125
33 20.045166015625
55 14.949951171875
81 14.965087890625
97 16.5849609375
94 18.409912109375
69 14.68994140625
34 18.22998046875
6 17.03515625
1 100.1298828125
4 16.02001953125
14 15.360107421875
30 16.77001953125
52 21.2548828125
71 12.2451171875
79 17.25
71 17.68994140625
50 14.804931640625
24 17.400146484375
4 15.68994140625
1 85.39990234375
11 19.610107421875
44 14.06005859375
86 16.364990234375
120 17.889892578125
136 16.985107421875
115 13.1298828125
68 16.570068359375
19 16.489990234375
1 133.639892578125
4 19
14 17.340087890625
47 17.119873046875
86 17.880126953125
120 14.68505859375
150 16.244873046875
159 16.405029296875
128 16.199951171875
72 15.375
19 16.22509765625
1 116.830078125
6 19.864990234375
24 16.1748046875
64 13.880126953125
112 18.35986328125
154 18.10009765625
176 16.875
150 13.610107421875
88 17.119873046875
25 16.030029296875
1 151.074951171875
6 19.215087890625
16 14.6298828125
48 18.215087890625
86 15.64990234375
112 16.64013671875
130 17.014892578125
130 16.93994140625
101 14.425048828125
55 16.010009765625
15 19.18505859375
1 100.6650390625
4 13.074951171875
9 18.574951171875
17 16.864990234375
46 17.2099609375
83 15.510009765625
111 16.72998046875
126 18.239990234375
132 16.455078125
123 13.26513671875
89 16.079833984375
46 18.27001953125
13 15.635009765625
1 117.215087890625
6 16.1298828125
13 17.22998046875
29 19.43017578125
64 16.919921875
104 15.994873046875
134 16.130126953125
146 16.804931640625
118 18.5849609375
67 12.1650390625
18 18.175048828125
1 148.889892578125
4 18.34521484375
9 18.559814453125
27 16.755126953125
65 14.344970703125
105 17.77490234375
130 16.400146484375
144 16.675048828125
138 16.489990234375
104 17.1748046875
57 13.14013671875
16 17.73486328125
1 107.315185546875
4 9.85498046875
9 17.35986328125
17 17.68017578125
48 15.60986328125
90 14.89501953125
124 19.47509765625
149 16.75
151 16.3349609375
121 13.1650390625
67 17.2998046875
19 17.89013671875
1 98.945068359375
6 16.1748046875
16 18.22021484375
32 18.02978515625
67 15.97509765625
104 17.699951171875
128 15.840087890625
142 13.85986328125
134 18.340087890625
102 15.9951171875
54 15.85986328125
14 18.074951171875
1 124.530029296875
4 9.7099609375
9 17.130126953125
25 15.919921875
63 13.919921875
114 20.195068359375
147 13.695068359375
133 19.489990234375
81 13.330078125
23 17.304931640625
1 134.909912109375
6 17.5400390625
16 17.18505859375
48 17.909912109375
92 14.97998046875
136 16.775146484375
159 16.800048828125
137 15.164794921875
82 16.094970703125
23 15.68017578125
1 116.294921875
6 22.60009765625
16 14.655029296875
49 16.554931640625
94 16.094970703125
127 17.239990234375
150 16.47509765625
151 13.239990234375
120 17.304931640625
67 15.47998046875
19 18.39501953125
1 115.445068359375
6 18.739990234375
24 18.0400390625
64 15.994873046875
105 15.739990234375
137 17.18994140625
149 16.094970703125
124 15.905029296875
71 14.840087890625
19 17.925048828125
1 122.56982421875
4 10.6650390625
9 15.965087890625
25 19.614990234375
55 18.090087890625
87 15.544921875
115 15.119873046875
125 14.47021484375
104 19.204833984375
59 13.900146484375
16 17.844970703125
1 134.46484375
7 19.03515625
25 15.994873046875
66 14.7451171875
107 17.8798828125
137 21.6201171875
147 8.094970703125
121 18.580078125
70 16.030029296875
19 15.644775390625
1 117.300048828125
4 15.699951171875
13 19.320068359375
47 17.155029296875
86 15.864990234375
113 28.43994140625
262 21.880126953125
102 17.300048828125
57 14.534912109375
15 16.85498046875
1 117.005126953125
4 16.25
9 18.46484375
26 16.554931640625
56 17.18505859375
94 16.18505859375
134 16.550048828125
143 16.73486328125
131 14.955078125
103 18.969970703125
64 14.14501953125
28 15.635009765625
7 17.175048828125
1 99.669921875
4 19.735107421875
14 16.64501953125
47 15.35986328125
86 16.76513671875
118 17.48486328125
133 17.025146484375
112 16.7099609375
66 13.824951171875
19 16.780029296875
1 99.22998046875
4 20.9599609375
13 15.4951171875
46 16.949951171875
86 15.3349609375
118 17.60986328125
133 13.14013671875
113 17.06494140625
67 17.179931640625
19 15.855224609375
1 83.0498046875
4 18.205078125
13 17.955078125
31 17.204833984375
54 16.695068359375
68 14.10009765625
80 17.949951171875
71 14.7548828125
49 17.275146484375
25 15.655029296875
4 17.199951171875
1 83.199951171875
6 20.77490234375
16 14.295166015625
32 19.079833984375
57 15.170166015625
84 15.71484375
103 15.93505859375
97 15.929931640625
69 17.260009765625
31 15.505126953125
4 17.304931640625
1 118.880126953125
11 17.030029296875
30 15.849853515625
58 16.625
201 32.60498046875
103 16.045166015625
68 15.72998046875
27 17.125
1 15.704833984375
3 135.3701171875
14 17.52490234375
47 16.97998046875
99 16.97509765625
155 16.89990234375
188 16.190185546875
166 15.599853515625
100 15.364990234375
28 16.510009765625
1 148.860107421875
6 20.559814453125
16 17.1201171875
47 18.125
226 29.47509765625
160 16.894775390625
139 17.800048828125
82 13.969970703125
23 15.7001953125
1 150.059814453125
4 20.35009765625
9 15.985107421875
25 16.9248046875
55 16.155029296875
87 16.97998046875
110 17.815185546875
125 15.449951171875
123 16.054931640625
95 18.544921875
52 12.8251953125
14 19.02490234375
1 150.159912109375
6 18.170166015625
16 15.699951171875
29 16.864990234375
41 14.635009765625
53 17.800048828125
63 16.73486328125
65 16.080078125
57 14.56005859375
40 17.10986328125
23 15.68505859375
6 16.094970703125
1 181.77001953125
12 18.409912109375
15 16.89013671875
27 17.43505859375
40 20.31982421875
52 15.93505859375
75 15.110107421875
96 17.769775390625
106 13.650146484375
92 16.969970703125
59 15.675048828125
24 17.7099609375
1 15.465087890625
-2 17.0498046875
-6 18.22998046875
-24 15.655029296875
-56 16.505126953125
-93 18.320068359375
-104 15.47998046875
-103 15.784912109375
-90 17.695068359375
-67 18.800048828125
-38 14.52490234375
-16 15.9599609375
-1 15.97998046875
1 103.01513671875
4 13.849853515625
9 17.320068359375
17 17.85498046875
29 17.284912109375
39 17.710205078125
49 12.81494140625
58 17.034912109375
61 17.150146484375
55 15.77978515625
42 16.97509765625
25 17.675048828125
10 15.294921875
1 19.919921875
1 63.420166015625
4 18.19482421875
9 15.455078125
17 17.630126953125
32 15.375
54 17.389892578125
79 17.159912109375
98 15.625
95 18.72021484375
70 15.994873046875
35 17.255126953125
6 16.1748046875
1 103.445068359375
4 15.875
9 15.56494140625
18 16.4951171875
32 15.780029296875
51 14.675048828125
66 17.324951171875
74 15.77490234375
66 16.5400390625
48 16.364990234375
25 18.31005859375
6 18.389892578125
1 63.554931640625
4 18.800048828125
9 16.469970703125
17 16.440185546875
47 19.10498046875
84 14.10498046875
116 17.52490234375
131 14.170166015625
110 15.974853515625
63 17.0400390625
18 16.659912109375
1 99.9501953125
4 16.619873046875
9 18.235107421875
18 15.7548828125
32 20.635009765625
50 12.5400390625
66 16.89501953125
73 15.7548828125
66 18.340087890625
48 14.820068359375
27 16.9599609375
6 19.324951171875
1 85.9951171875
4 13.47998046875
9 18.494873046875
25 16.81005859375
56 15.224853515625
90 17.815185546875
114 12.829833984375
105 17.10498046875
69 16.150146484375
26 17.489990234375
1 15.760009765625
-2 70.744873046875
-4 14.10009765625
-9 16.094970703125
-14 16.64013671875
-22 17.289794921875
-30 14.5400390625
-38 18.525146484375
-49 15.75
-63 15.994873046875
-72 18.760009765625
-74 15.074951171875
-61 15.880126953125
-41 18.39501953125
-19 14.8349609375
-2 16.9150390625
-2 138.71484375
-4 11.070068359375
-9 17.0400390625
-14 16.98486328125
-21 19.9150390625
-25 15.175048828125
-31 17.114990234375
-35 13.550048828125
-37 17.1298828125
-38 17.110107421875
-32 17.22509765625
-26 16.9248046875
-16 14.780029296875
-9 18.114990234375
-1 17.080078125
1 210.97509765625
4 5.010009765625
9 15.885009765625
14 18.679931640625
22 14.39990234375
30 17.199951171875
39 15.705078125
43 18.489990234375
44 16.18505859375
39 16.5849609375
29 15.909912109375
18 20.905029296875
7 14.255126953125
1 18.284912109375
1 64.905029296875
4 14.385009765625
9 18.56494140625
17 17.114990234375
32 16.580078125
50 18.35498046875
66 13.60498046875
73 16.0400390625
67 16.81494140625
49 15.965087890625
26 17.06494140625
6 17.02001953125
1 250.93505859375
4 16.23486328125
9 18.239990234375
18 17.094970703125
32 17.9951171875
51 14.43505859375
67 16.030029296875
73 14.844970703125
67 17.094970703125
47 17.25
26 15.514892578125
5 17.300048828125
1 104.929931640625
4 12.925048828125
9 15.01513671875
15 20.954833984375
22 14.670166015625
34 18.625
48 14.349853515625
61 15.800048828125
66 15.56494140625
60 16.590087890625
45 16.550048828125
35 38.044921875
1 129.10498046875
6 16.054931640625
16 16.77001953125
28 18.485107421875
41 15.784912109375
55 18.06005859375
72 17.10009765625
83 13.449951171875
82 17.199951171875
65 20.554931640625
38 12.425048828125
12 17.280029296875
1 18.175048828125
1 190.764892578125
4 8.1650390625
9 17.77001953125
17 17.530029296875
29 16.1650390625
39 16.94482421875
67 17.47998046875
105 15.860107421875
128 17.405029296875
113 17.469970703125
68 14.3798828125
20 15.3701171875
1 202.340087890625
6 16.85498046875
16 16.64990234375
48 16.385009765625
93 14.985107421875
127 17.789794921875
150 17.35009765625
153 14.85498046875
121 16.929931640625
67 14.690185546875
18 17.284912109375
1 132.02001953125
4 19.949951171875
35 33.989990234375
57 18.260009765625
94 15.530029296875
134 15.830078125
151 14.114990234375
129 16.294921875
75 16.985107421875
20 16.655029296875
1 149.0048828125
7 20.919921875
26 15.114990234375
67 18.635009765625
116 14.385009765625
130 17.9951171875
129 17.155029296875
110 12.989990234375
73 16.89501953125
34 18.625
7 16.324951171875
1 151.27490234375
11 14.949951171875
46 17.91015625
93 15.75
128 18.204833984375
154 16.615234375
157 14.579833984375
124 14.5849609375
68 18.469970703125
18 17.72021484375
1 130.829833984375
6 21.6201171875
16 14.669921875
32 16.070068359375
74 16.56005859375
118 16.77001953125
155 16.97998046875
167 17.434814453125
135 12.89501953125
77 16.425048828125
19 18.005126953125
1 133.764892578125
4 18.875
9 12.4150390625
15 18.199951171875
21 15.034912109375
25 19.195068359375
29 14.135009765625
29 16.925048828125
26 17.550048828125
20 16.9150390625
13 17.409912109375
6 15.574951171875
2 16.949951171875
1 33.775146484375
4 18.054931640625
9 16.639892578125
15 15.30517578125
20 14.94482421875
25 16.320068359375
29 16.735107421875
29 17.260009765625
26 18.52001953125
33 34.169921875
7 17.090087890625
2 15.669921875
1 52.23486328125
4 12.375
9 19.360107421875
14 17.114990234375
22 12.885009765625
30 16.27490234375
37 18.295166015625
43 16.0048828125
44 17.28515625
39 14.864990234375
29 17.724853515625
19 17.110107421875
8 15.849853515625
1 17.28515625
1 67.2900390625
4 17.3349609375
10 14.179931640625
15 20.074951171875
21 14
27 18.56005859375
29 15.554931640625
29 15.125
25 17.43994140625
19 15.925048828125
13 17.25
6 17.155029296875
1 15.820068359375
-2 145.780029296875
-4 4.9150390625
-8 16.94482421875
-10 14.824951171875
-13 18.60009765625
-17 18.824951171875
-20 12.655029296875
-24 19.169921875
-27 14.800048828125
-31 16.815185546875
-33 20.324951171875
-35 15.204833984375
-37 16.7900390625
-36 17.85009765625
-35 13.875
-34 15.849853515625
-33 18.670166015625
-29 14.704833984375
-24 16.860107421875
-20 15.885009765625
-13 18.014892578125
-9 14.97998046875
-4 17.31005859375
-2 17.97998046875
-2 59.375
-4 5.2001953125
-8 18.60986328125
-11 14.47998046875
-16 17.030029296875
-20 17.39990234375
-24 16.93017578125
-27 16.744873046875
-26 15.920166015625
-24 16.909912109375
-18 16.7900390625
-12 16.655029296875
-7 15.574951171875
-1 21.050048828125
1 19.405029296875
7 14.429931640625
25 15.2099609375
51 13.699951171875
70 20.26513671875
82 13.119873046875
88 20.385009765625
80 16.364990234375
57 13.2451171875
31 17.260009765625
8 16.994873046875
1 183.800048828125
6 18.989990234375
16 15.614990234375
34 18.4951171875
59 15.64990234375
86 16.18505859375
108 15.02490234375
121 14.76513671875
118 17.2548828125
90 15.764892578125
49 16.8701171875
12 20.514892578125
1 105.739990234375
4 9.360107421875
8 16.97509765625
23 16.744873046875
61 17.22998046875
98 14.8349609375
127 19.27001953125
144 16.080078125
144 13.5849609375
111 17.794921875
62 15.175048828125
17 17.175048828125
1 129.780029296875
12 25.14501953125
11 14.375
26 17.869873046875
54 16.78515625
86 17.405029296875
107 16.35498046875
102 11.260009765625
70 17.98486328125
29 16.51513671875
2 16.489990234375
1 117.69482421875
6 17.97509765625
16 15.485107421875
34 17.199951171875
54 14.655029296875
73 18.21484375
79 14.465087890625
68 17.27001953125
46 18.25
21 18.349853515625
2 15.080078125
1 82.739990234375
11 19.8349609375
29 13.940185546875
58 17.119873046875
88 16.22998046875
113 16.554931640625
122 14.835205078125
102 15.849853515625
59 20.235107421875
17 12.719970703125
1 116.219970703125
28 38.419921875
23 15.860107421875
45 15.3349609375
78 17.919921875
111 15.5
126 16.10009765625
107 14.659912109375
63 18.580078125
18 15.580078125
5 152.559814453125
9 15.985107421875
17 16.090087890625
32 16.81494140625
50 17.324951171875
66 14.76513671875
73 16.7099609375
67 17.02001953125
50 16.919921875
25 17.925048828125
6 17.094970703125
1 115.31494140625
11 18.590087890625
30 15.304931640625
58 16.18505859375
90 18.719970703125
110 14.64990234375
102 18.10498046875
69 12.295166015625
27 16.9599609375
2 17.044921875
1 146.804931640625
28 39.66015625
23 15.804931640625
33 15.85498046875
51 18.080078125
72 16.989990234375
86 14.074951171875
87 15.635009765625
68 17.094970703125
39 20.090087890625
12 15.3349609375
5 117.699951171875
9 16.070068359375
25 17.31494140625
55 16.320068359375
87 16.22998046875
114 13.98486328125
124 17.010009765625
104 17.235107421875
60 16.02490234375
17 17.940185546875
1 121.289794921875
4 10.585205078125
9 18.559814453125
18 19.4150390625
33 15.594970703125
54 16.010009765625
79 16.010009765625
97 17.110107421875
94 14.389892578125
70 20.31005859375
35 12.909912109375
6 15.590087890625
1 150.510009765625
4 20.10498046875
9 15.6201171875
17 15.8349609375
32 16.739990234375
54 17.219970703125
80 15.89501953125
97 16.72998046875
94 14.93994140625
70 17.31494140625
36 15.715087890625
6 19.3701171875
1 164.06982421875
6 19.574951171875
17 16.335205078125
32 16.10986328125
57 18.094970703125
83 15.675048828125
102 14.824951171875
98 16.255126953125
68 15.639892578125
32 17.14013671875
4 19.579833984375
1 132.39501953125
6 16.485107421875
16 16.534912109375
29 18.469970703125
40 13.815185546875
50 15.90478515625
51 16.855224609375
46 16.094970703125
34 18.31982421875
20 14.78515625
6 20.25
1 18.655029296875
1 80.4248046875
6 16.835205078125
16 17.510009765625
32 16.58984375
58 16.294921875
85 14.72021484375
103 15.6298828125
97 16.97509765625
68 15.89501953125
31 17.094970703125
3 18.4150390625
1 117.559814453125
6 15.880126953125
16 16.344970703125
32 17.98486328125
53 13.835205078125
69 17.27001953125
78 15.679931640625
68 16.7099609375
49 15.8798828125
24 18.505126953125
4 18.375
1 105.445068359375
4 10.8798828125
9 17.39013671875
18 16.27001953125
32 15.684814453125
50 18.699951171875
66 12.25
73 16.76513671875
67 17.98486328125
48 16.155029296875
26 18.130126953125
6 17.030029296875
29 150.6298828125
22 15.68994140625
30 17.050048828125
38 18.0849609375
43 13.050048828125
44 16.260009765625
38 19.989990234375
29 16.760009765625
18 15.630126953125
8 17.034912109375
1 15.68505859375
1 66.27001953125
4 17.074951171875
9 17.18505859375
17 15.94482421875
32 17.989990234375
51 15.530029296875
66 14.275146484375
73 17.739990234375
67 15.675048828125
48 17.169921875
26 17.27001953125
6 15.60986328125
1 194.219970703125
4 5.510009765625
8 17.10498046875
11 19.0400390625
25 15.550048828125
48 16.860107421875
64 18.6748046875
76 15.830078125
81 13.1650390625
76 17.159912109375
58 17.16015625
35 15.925048828125
12 16.994873046875
1 16.260009765625
1 162.284912109375
4 4.375
8 19.81005859375
11 15.9951171875
19 17.06982421875
33 16.5400390625
53 16.125
80 16.844970703125
104 14.715087890625
116 17.10009765625
97 15.81982421875
57 19.344970703125
17 13.72509765625
1 152.074951171875
6 18.10498046875
16 16.080078125
32 16.1298828125
52 17.09521484375
66 17.324951171875
76 15.85986328125
80 16.39013671875
74 13.679931640625
54 17.195068359375
32 15.849853515625
10 16.91015625
1 17.139892578125
-2 49.375
-4 16.635009765625
-8 17.074951171875
-11 16.880126953125
-16 16.074951171875
-20 17.044921875
-24 16.900146484375
-27 15.875
-26 18.58984375
-23 15.655029296875
-19 17.22998046875
-12 15.72509765625
-7 17.0048828125
-1 17.35498046875
-2 179.835205078125
-12 19.2998046875
-11 16.72021484375
-16 15.869873046875
-20 19.4150390625
-25 13.994873046875
-29 17.905029296875
-35 15.64501953125
-40 17.06494140625
-44 17.0751953125
-46 15.844970703125
-46 16.159912109375
-44 20.78515625
-40 12.3798828125
-34 18.219970703125
-25 15.525146484375
-17 16.929931640625
-10 17.175048828125
-4 16.94482421875
-2 288.219970703125
-4 12.775146484375
-8 14.405029296875
-10 17.885009765625
-13 15.905029296875
-14 15.679931640625
-14 16.989990234375
-13 17.239990234375
-10 17.159912109375
-7 15.68017578125
-4 17.204833984375
-1 15.64013671875
1 119.780029296875
4 13.489990234375
9 17.10986328125
15 17.324951171875
28 15.775146484375
49 16.60498046875
63 17.22998046875
74 17.22509765625
79 15.5849609375
74 16.119873046875
56 16.824951171875
34 17.239990234375
13 17.330078125
1 18.679931640625
1 279.510009765625
28 37.01513671875
28 16.679931640625
54 17.6201171875
81 15.43994140625
111 19.739990234375
123 11.2900390625
102 17.280029296875
57 16.94482421875
15 17.72509765625
1 167.3798828125
6 16.2451171875
24 15.659912109375
65 18.77001953125
110 15.625
133 15.7099609375
149 17.255126953125
123 15.48486328125
70 17.60498046875
19 16.570068359375
3 199.719970703125
14 16.68017578125
46 16.56982421875
87 18.2900390625
249 31.090087890625
133 18.014892578125
102 14.56494140625
73 19.625
53 12.240234375
30 16.919921875
3 22.5048828125
-24 13.9501953125
-45 13.594970703125
-59 18.989990234375
-59 17.9150390625
-51 16.474853515625
-39 16.534912109375
-27 15.525146484375
-9 16.35986328125
42 18.030029296875
114 15.570068359375
168 17.135009765625
162 16.044921875
103 16.7099609375
31 14.730224609375
1 230.15478515625
14 23.650146484375
17 15.85986328125
32 16.205078125
56 16.544921875
83 17.070068359375
108 16.380126953125
119 14.75
98 17.744873046875
57 18.81494140625
15 12.440185546875
1 301.760009765625
4 15.054931640625
9 17.06005859375
14 16.989990234375
22 15.875
30 17.119873046875
37 15.85498046875
43 17.18017578125
43 15.764892578125
39 18.324951171875
30 14.52001953125
18 21.39501953125
9 12.360107421875
1 16.27978515625
1 584.675048828125
4 16.72509765625
8 19.5
10 12.21484375
27 36.440185546875
14 16.364990234375
13 14.2548828125
10 15.8349609375
7 18.47509765625
4 17.0400390625
2 14.97998046875
1 183.35986328125
4 18.68017578125
9 18.155029296875
17 16.079833984375
29 13.39013671875
39 16.9599609375
48 17.260009765625
49 15.840087890625
44 17.034912109375
33 16.639892578125
19 16.235107421875
7 15.864990234375
1 16.994873046875
1 795.610107421875
4 4.4599609375
7 18.574951171875
10 17
13 16.925048828125
15 14.72998046875
14 15.47509765625
12 19.925048828125
11 13.304931640625
7 18.114990234375
4 14.830078125
2 17.260009765625
1 294.619873046875
4 4.9150390625
8 19.794921875
11 15.91015625
25 17.5498046875
54 15.4501953125
83 18.534912109375
107 16.375
125 16.4150390625
218 33.75
51 15.994873046875
13 13.66015625
1 196.56982421875
44 39.215087890625
39 22.800048828125
56 9.56005859375
79 18.264892578125
101 15.985107421875
110 22.179931640625
94 8.324951171875
56 17.965087890625
19 16.119873046875
1 17.170166015625
1 1187.594970703125
4 11.530029296875
8 17.625
9 14.034912109375
14 20.31494140625
17 15.81005859375
22 15.905029296875
31 17.73486328125
42 13.445068359375
52 16.4599609375
59 17.455078125
63 18.60009765625
62 14.869873046875
52 15.56494140625
37 20.469970703125
20 13.655029296875
7 19.485107421875
1 311.794921875
27 37.56005859375
22 16.06005859375
33 17.43994140625
47 15.9150390625
60 13.8798828125
65 16.864990234375
61 17.280029296875
47 15.77001953125
27 17.044921875
9 15.945068359375
1 19.31494140625
1 220.93505859375
4 11.080078125
8 15.909912109375
10 17.02001953125
13 15.81494140625
20 18.739990234375
31 16.840087890625
45 18.260009765625
57 14.10009765625
62 14.989990234375
60 20.60986328125
56 13.135009765625
48 16.18994140625
37 19.614990234375
26 15.195068359375
14 16.554931640625
7 17.16015625
1 15.659912109375
-2 379.840087890625
-22 37.35498046875
-13 15.89501953125
-38 32.71484375
-23 17.425048828125
-24 15.68994140625
-25 18.2451171875
-25 14.965087890625
-25 18.369873046875
-24 16.6650390625
-23 14.85498046875
-19 16.919921875
-15 17.650146484375
-11 15.429931640625
-7 18.554931640625
-3 15.420166015625
-1 15.989990234375
1 897.385009765625
27 35.7998046875
20 16.960205078125
27 18.169921875
27 13.97998046875
29 17.9150390625
26 15.739990234375
20 18.320068359375
14 14.844970703125
7 19.239990234375
2 16.954833984375
1 148.52001953125
4 18.080078125
9 17.27490234375
17 15.375
32 17.925048828125
50 15.780029296875
66 17.4150390625
74 13.35498046875
67 17.77001953125
48 17.25
26 15.554931640625
6 16.485107421875
1 139.23486328125
4 19.77001953125
9 7.9599609375
18 16.9150390625
33 18.719970703125
56 17
90 16.840087890625
127 16.130126953125
144 24.9599609375
197 24.175048828125
21 14.644775390625
1 237.610107421875
4 14.679931640625
9 14.715087890625
14 17.9150390625
22 17.71484375
34 15.10009765625
52 18.034912109375
72 16.97998046875
88 12.755126953125
87 18.330078125
67 15.93994140625
39 16.81494140625
11 17.219970703125
1 131.614990234375
4 19.255126953125
9 18.43994140625
17 14.830078125
33 17.219970703125
55 17.35498046875
82 16.349853515625
99 13.76513671875
95 17.264892578125
68 17.01513671875
32 14.7900390625
5 16.919921875
1 144.489990234375
4 5.47509765625
8 20.269775390625
11 16.880126953125
19 16.27001953125
32 16.4599609375
48 18.68505859375
63 14.35498046875
69 13.64990234375
63 17.815185546875
47 17.3349609375
27 15.89501953125
8 16.97998046875
1 106.429931640625
4 9.030029296875
9 17.119873046875
18 15.965087890625
32 17.56494140625
55 15.4150390625
82 18.235107421875
107 18.559814453125
119 15.465087890625
99 16.034912109375
57 15.72509765625
17 15.735107421875
1 176.269775390625
4 7.445068359375
8 17.31005859375
15 18.554931640625
31 17.330078125
55 15.68505859375
82 17.344970703125
109 16.75
120 16.159912109375
100 14.614990234375
58 15.830078125
17 18.175048828125
1 169.64501953125
4 13.2998046875
9 17.050048828125
15 15.78515625
21 18.094970703125
30 17.31982421875
37 14.570068359375
43 18.445068359375
43 16.175048828125
39 14.39501953125
30 16.89990234375
18 17
9 17.31005859375
1 15.81982421875
1 99.330078125
4 17.005126953125
9 17.93994140625
18 19.405029296875
29 15.71484375
39 15.800048828125
47 14.755126953125
50 17.22998046875
43 16.954833984375
33 16.900146484375
19 15.054931640625
7 16.705078125
1 16.974853515625
1 135.900146484375
4 13.994873046875
9 17.530029296875
14 17.925048828125
21 17.97509765625
25 15.56494140625
31 16.68994140625
35 14.5849609375
37 17.135009765625
38 15.715087890625
32 17.409912109375
26 16.780029296875
16 15.735107421875
9 16.014892578125
2 17.14501953125
1 137.60498046875
4 13.969970703125
9 15.2451171875
17 17.2900390625
32 16.974853515625
50 16.110107421875
66 15.699951171875
73 17.02001953125
67 16.10986328125
48 17.85009765625
27 15.909912109375
6 17.050048828125
1 172.429931640625
4 10.525146484375
9 16.429931640625
14 19.0400390625
22 16.949951171875
33 17.669921875
48 15.6201171875
58 13.8798828125
66 18.51513671875
70 14.824951171875
67 17.090087890625
53 17.23486328125
35 15.75
17 17.2099609375
3 19.1201171875
1 82.139892578125
4 14.89013671875
9 18.905029296875
18 17.0048828125
33 17.155029296875
50 15.905029296875
66 16.0400390625
73 14.5048828125
66 18.5
48 14.9951171875
26 17.135009765625
6 17.22998046875
1 132.679931640625
4 16.155029296875
9 16.64990234375
14 21.085205078125
22 16.56982421875
34 15.969970703125
51 17.030029296875
73 14.880126953125
88 15.929931640625
87 16.14990234375
67 15.6201171875
39 17.260009765625
11 17.135009765625
1 405.60498046875
4 11.31494140625
8 16.275146484375
11 14.724853515625
37 35.820068359375
24 15.655029296875
27 16.8349609375
26 15.419921875
24 17.840087890625
18 15.639892578125
12 16.06005859375
6 16.8701171875
2 16.989990234375
-2 669.989990234375
-4 13.3798828125
-8 16.85009765625
-10 15.669921875
-13 17.25
-14 16.054931640625
-14 18.010009765625
-13 14.93505859375
-10 16.985107421875
-7 18.125
-4 16.014892578125
-1 17.130126953125
-2 204.139892578125
-4 11.72998046875
-8 17.0849609375
-10 16.844970703125
-13 16.170166015625
-14 16.7900390625
-14 15.034912109375
-13 18.85009765625
-10 15.02978515625
-7 16.2451171875
-4 18.0400390625
-1 16.929931640625
1 421.27490234375
4 10.31005859375
8 17.56494140625
10 16.510009765625
13 17.445068359375
15 14.780029296875
17 17.784912109375
19 17.66015625
21 14.35986328125
22 16.93505859375
20 17.114990234375
18 15.97998046875
14 16.965087890625
9 17.425048828125
6 15.625
2 17.39990234375
1 16.219970703125
1 293.610107421875
4 6.52490234375
8 17.739990234375
10 15.830078125
13 16.93994140625
15 16.10009765625
14 16.954833984375
13 15.85009765625
10 18.054931640625
7 16.18994140625
4 15.78515625
1 18.324951171875
1 167.534912109375
4 14.18505859375
9 19.675048828125
17 16.60009765625
29 15.93994140625
39 17.594970703125
50 15.699951171875
59 14.27001953125
61 17.860107421875
55 15.10498046875
66 34.48486328125
9 15.75
1 18.755126953125
1 272.52490234375
4 8.81494140625
8 17.0400390625
11 17.76513671875
18 17.35498046875
32 17.704833984375
48 12.85009765625
63 19.75
66 13.669921875
63 16.64501953125
58 16.51513671875
49 17.655029296875
36 15.804931640625
24 17.114990234375
13 16.06005859375
5 16.75
1 16.059814453125
1 206.275146484375
4 10.7548828125
9 18.110107421875
17 14.9150390625
28 17.534912109375
39 17.68505859375
50 16.06982421875
59 15.510009765625
60 17.795166015625
58 15.389892578125
53 19.150146484375
44 15
34 16.184814453125
23 16.60009765625
13 15.994873046875
6 18.3251953125
2 16.494873046875
1 170.655029296875
4 11.409912109375
8 17.53515625
11 20.244873046875
19 15.380126953125
32 16.800048828125
52 16.135009765625
78 16.43994140625
105 15.760009765625
117 16.14990234375
98 15.830078125
58 18.77001953125
17 15.52490234375
1 268.10009765625
4 14.454833984375
8 15.93017578125
11 20.179931640625
16 16.080078125
21 16.739990234375
29 15.81982421875
35 14.76513671875
40 15.974853515625
41 19.255126953125
36 15.02001953125
29 15.715087890625
18 18.409912109375
9 14.590087890625
2 18.409912109375
1 176.724853515625
4 6.050048828125
8 16.43505859375
11 20.679931640625
18 13.840087890625
28 18.419921875
37 12.76513671875
44 20.655029296875
46 13.434814453125
41 16.170166015625
32 16.96484375
20 16.7099609375
9 15.695068359375
1 20.0400390625
1 448.52001953125
4 15.02490234375
9 16.56005859375
17 18.239990234375
29 19.135009765625
38 14.005126953125
50 15.64990234375
57 18.425048828125
61 14.56005859375
55 16.9248046875
42 16.02001953125
26 16.920166015625
10 17.409912109375
1 15.7099609375
1 129.010009765625
4 5.06494140625
9 16.300048828125
17 18.0400390625
29 14.985107421875
50 21.414794921875
80 14.85498046875
101 15.175048828125
99 19.06494140625
71 12.72509765625
34 18.60009765625
5 15.97998046875
1 187.35986328125
4 11.72998046875
8 15.85009765625
11 18.625
18 14.780029296875
31 18.739990234375
48 17.574951171875
60 16.324951171875
68 15.43017578125
72 16.77490234375
71 15.844970703125
67 15.735107421875
57 16.96484375
42 19.469970703125
26 13.52001953125
12 17.195068359375
4 17.0400390625
1 186.39990234375
4 12.80517578125
8 16.869873046875
10 19.080078125
13 15.77001953125
17 16.0849609375
20 15.175048828125
23 18.0400390625
25 14.8798828125
23 18.469970703125
20 15.39501953125
16 16.4951171875
11 17.77490234375
7 15.5
2 16.110107421875
1 147.324951171875
12 20.19482421875
10 17.64013671875
13 15.099853515625
14 17.97509765625
14 16.159912109375
13 17.14013671875
10 17.27490234375
7 15.6201171875
4 17.054931640625
2 15.93994140625
1 477.97998046875
4 6.505126953125
8 15.010009765625
10 19.330078125
13 14.324951171875
14 17.054931640625
14 17.034912109375
13 15.195068359375
10 18.14990234375
7 15.605224609375
4 16.544921875
2 17.760009765625
-2 395.449951171875
-11 19.389892578125
-11 17.830078125
-13 15.5849609375
-14 17.31005859375
-14 16.005126953125
-13 16.9248046875
-10 16.130126953125
-7 19.030029296875
-4 15.800048828125
-1 15.329833984375
-2 511.1201171875
-4 5.034912109375
-7 16.43505859375
-11 17.014892578125
-13 17.28515625
-14 19.155029296875
-15 13.684814453125
-17 16.324951171875
-20 17.9501953125
-24 15.9599609375
-28 16.3349609375
-31 17.419921875
-31 16.125
-28 15.7900390625
-24 18.01513671875
-17 16.19482421875
-10 17.81005859375
-4 15.215087890625
1 89.22998046875
4 10.375
8 16.3349609375
11 16.800048828125
19 18.125
31 15.77490234375
53 15.85009765625
77 17.199951171875
87 16.0400390625
87 17.764892578125
82 16.175048828125
64 18.89990234375
44 13.780029296875
23 17.340087890625
8 17.31494140625
1 15.72509765625
1 183.070068359375
4 19.684814453125
9 17.820068359375
26 15.780029296875
56 13.9150390625
90 20.559814453125
113 14.405029296875
105 14.155029296875
69 17.7451171875
26 15.739990234375
1 17.280029296875
1 167.739990234375
6 17.425048828125
16 16.75
47 17.5498046875
86 17.18505859375
112 15.405029296875
130 16.10009765625
130 17.614990234375
101 14.260009765625
56 15.934814453125
15 17.0400390625
1 203.860107421875
4 13.224853515625
9 16.905029296875
14 17.64501953125
55 33.824951171875
64 16.670166015625
99 16.159912109375
126 16.25
135 17.719970703125
111 13.580078125
64 17.300048828125
18 16.7998046875
1 176.64013671875
4 6.205078125
8 20.14990234375
11 16.244873046875
26 15.43505859375
53 17.4951171875
83 13.77001953125
111 19.199951171875
123 13.804931640625
103 17.199951171875
60 19.090087890625
17 14.93505859375
1 150.659912109375
11 17.485107421875
46 14.71484375
86 18.02001953125
120 18.16015625
135 14.760009765625
115 16.019775390625
67 16.155029296875
19 17.195068359375
1 152.25
6 16.47998046875
25 15.330078125
65 19.9150390625
240 31.169921875
146 16.64501953125
138 12.72998046875
105 18.219970703125
57 16.054931640625
17 15.7900390625
1 133.295166015625
6 17.794921875
16 15.85498046875
48 17.23486328125
85 17.490234375
118 16.60498046875
131 18.4248046875
112 15.53515625
65 14.780029296875
18 16.98486328125
1 143.929931640625
4 5.760009765625
8 17.85009765625
15 18.389892578125
45 16.375
90 16.280029296875
134 15.795166015625
159 17.079833984375
138 18.01513671875
83 14.7548828125
23 14.8701171875
1 149.35498046875
4 20.639892578125
13 16.6650390625
31 15.60498046875
66 17.170166015625
105 16.69482421875
134 16.324951171875
144 13.275146484375
117 17.06494140625
67 17.175048828125
18 17.034912109375
1 115.9951171875
6 17.054931640625
16 15.81005859375
99 37.169921875
103 15.735107421875
133 16.2548828125
142 14.8349609375
116 15.7900390625
66 17.324951171875
18 20.625
1 121.400146484375
4 7.760009765625
9 22.409912109375
24 11.840087890625
64 18.929931640625
114 15.215087890625
146 16.81982421875
133 20.280029296875
82 10.900146484375
23 17.02001953125
1 186.889892578125
4 13.5849609375
9 15.51513671875
14 20.304931640625
22 15.5
30 16.794921875
37 14.330078125
43 16.074951171875
44 17.110107421875
46 16.98486328125
44 16.10498046875
39 16.7099609375
30 18.22021484375
21 14.804931640625
11 16.97998046875
4 16.02001953125
1 18.135009765625
1 737.094970703125
4 13.175048828125
8 16.994873046875
10 18.4150390625
13 13.1650390625
14 17.389892578125
14 15.590087890625
13 19.52490234375
10 14.9501953125
7 16.81494140625
4 14.840087890625
2 18.054931640625
1 301.320068359375
4 16.10986328125
8 15.93505859375
11 15.4150390625
16 15.96484375
20 17.01513671875
24 16.844970703125
27 17.455078125
26 17.369873046875
23 17.425048828125
19 14.27001953125
12 17.23486328125
9 32.510009765625
-2 370.344970703125
-4 13.905029296875
-8 15.64501953125
-11 18.489990234375
-16 17.074951171875
-20 15.955078125
-24 15.574951171875
-27 17.530029296875
-26 15.340087890625
-23 16.419921875
-19 16.72998046875
-12 16.580078125
-7 17.81494140625
-1 15.68505859375
1 588.175048828125
4 11.679931640625
8 17.375
11 15.449951171875
18 16.469970703125
28 17.9150390625
38 15.39013671875
44 17.804931640625
46 15.590087890625
41 18.184814453125
32 14.6650390625
20 18.60009765625
8 16.64990234375
1 14.760009765625
1 476.159912109375
4 8.195068359375
8 17.175048828125
15 16.945068359375
32 16.949951171875
142 34.8798828125
109 18.505126953125
109 12.8349609375
105 16.784912109375
169 48.840087890625
6 17.364990234375
1 144.14013671875
4 4.81982421875
8 17.5
12 19.130126953125
19 16.6650390625
33 15.90478515625
53 16.610107421875
80 16.280029296875
104 17.199951171875
115 13.205078125
97 17.119873046875
57 17.41015625
17 16.7998046875
17 335.025146484375
31 17.219970703125
67 14.89501953125
105 17.849853515625
133 15.51513671875
143 17.574951171875
117 17.18505859375
68 14.554931640625
19 14.6650390625
1 203.614990234375
6 17.014892578125
25 14.990234375
59 16.93994140625
91 17.94482421875
117 14.675048828125
126 18.64013671875
102 13.544921875
58 16.85498046875
15 20.1650390625
45 185.090087890625
53 13.344970703125
86 17.14501953125
109 15.48486328125
124 18.465087890625
129 15.85986328125
201 33.005126953125
42 14.570068359375
11 17.21484375
1 183.420166015625
6 18.97998046875
16 15.75
33 16.829833984375
56 15.9501953125
83 17.099853515625
101 17.159912109375
98 13.4501953125
69 17.06494140625
33 15.60498046875
4 17.330078125
1 218.35986328125
6 17.010009765625
24 17.215087890625
56 15.655029296875
94 18.4150390625
117 12.199951171875
108 16.909912109375
69 17.31005859375
24 17.0048828125
1 15.780029296875
3 153.485107421875
14 17.25
32 15.68505859375
57 17.31494140625
86 15.9599609375
106 13.280029296875
100 17.099853515625
69 16.175048828125
30 20.25
3 15.489990234375
1 116.25
6 18.72998046875
25 16.860107421875
57 17.054931640625
90 14.3701171875
116 19.280029296875
127 12.6748046875
103 15.920166015625
59 16.244873046875
16 18
1 228.06005859375
4 3.909912109375
8 18.445068359375
11 15.72509765625
18 15.93994140625
28 20.205078125
38 13.789794921875
44 17.085205078125
46 15.934814453125
41 16.025146484375
31 16.829833984375
20 18.14013671875
9 15.760009765625
1 17.489990234375
1 263.31005859375
22 34.60986328125
13 18.625
20 18.840087890625
27 15.294921875
35 14.945068359375
41 16.925048828125
42 19.309814453125
38 14.525146484375
30 18.219970703125
20 13.97998046875
9 19.35009765625
2 13.389892578125
1 209.330078125
4 7.764892578125
8 16.170166015625
11 18.21484375
15 15.804931640625
21 17.230224609375
24 14.625
27 17.35498046875
26 18.349853515625
23 14.820068359375
18 16.695068359375
13 17.02001953125
7 16.97998046875
2 16.114990234375
-2 305.52001953125
-4 11.385009765625
-8 15.65478515625
-10 18.4150390625
-13 15.965087890625
-14 15.719970703125
-14 18.625
-13 17.2451171875
-10 17.72998046875
-7 14.56494140625
-4 14.955078125
-1 18.08984375
1 102.705078125
4 13.300048828125
8 17.934814453125
10 16.460205078125
13 14.829833984375
14 20.85498046875
14 12.35498046875
13 18.6650390625
10 14.705078125
7 17.369873046875
4 16.800048828125
2 15.66015625
1 436.2548828125
6 15.1650390625
16 17.60498046875
33 16.385009765625
140 33.139892578125
102 15.68017578125
97 15.679931640625
69 17.235107421875
32 16.90478515625
4 15.75
1 224.795166015625
4 9.199951171875
9 20.89990234375
15 15.43505859375
22 15.89013671875
46 18.6298828125
80 15.35009765625
107 14.06494140625
126 17.739990234375
127 16.239990234375
97 15.169921875
53 16.18505859375
13 18.760009765625
1 225.580078125
4 6
8 19.909912109375
11 15.364990234375
18 18.169921875
32 16.27001953125
52 14.989990234375
76 16.905029296875
93 14.85009765625
92 16.7900390625
68 17.619873046875
37 15.215087890625
8 18.06005859375
1 154.08984375
4 10.989990234375
9 18.3349609375
17 17.155029296875
32 19.170166015625
55 14.614990234375
83 16.5
109 14.280029296875
120 15.875
99 19.39990234375
56 14.85498046875
15 15.965087890625
1 185.304931640625
6 17.64501953125
16 17.43505859375
32 15.659912109375
56 17.034912109375
84 17.75
102 13.4150390625
98 16.780029296875
69 15.800048828125
32 17.294921875
4 18.175048828125
1 142.514892578125
4 5.485107421875
9 18.550048828125
18 17.405029296875
47 16.635009765625
83 15.3349609375
116 16.974853515625
123 15.22021484375
110 16.849853515625
87 17.300048828125
58 16.929931640625
30 14.78515625
12 16.96484375
2 19.985107421875
1 112.58984375
6 22.114990234375
24 14.739990234375
56 15.505126953125
88 18.72509765625
116 15.579833984375
126 15.66015625
105 14.85498046875
61 15.864990234375
17 16.949951171875
1 133.43994140625
4 16.669921875
9 19.990234375
17 15.669921875
33 15.97998046875
65 17.0048828125
110 17.8701171875
139 13.219970703125
124 16.169921875
76 17.010009765625
22 17.505126953125
1 214.409912109375
28 37.804931640625
20 18.085205078125
27 16.639892578125
33 18.344970703125
49 15.135009765625
64 12.2099609375
77 17.205078125
77 17.75
64 14.9599609375
41 16.030029296875
17 16.989990234375
2 16.050048828125
7 186.35498046875
13 17.14990234375
21 16.22509765625
30 16.8798828125
40 13.34521484375
48 20.384765625
55 13.755126953125
59 16.10009765625
51 18.02978515625
39 15.840087890625
25 15.81005859375
11 19.5400390625
1 16.969970703125
1 132.5
6 17.169921875
16 16.775146484375
32 17.10986328125
67 14.419921875
104 15.405029296875
132 19.9150390625
141 14.76513671875
116 15.4248046875
66 17.190185546875
19 18.47998046875
1 143.829833984375
12 24.989990234375
15 15.5751953125
33 15.73486328125
56 15.755126953125
82 16.744873046875
100 16.2451171875
96 15.64990234375
68 17.130126953125
33 17.0849609375
4 14.744873046875
3 152.02001953125
14 18.5849609375
31 16.97509765625
57 15.969970703125
89 16.5849609375
104 14.360107421875
100 15.635009765625
69 16.954833984375
30 17.275146484375
3 18.43505859375
1 149.56982421875
6 18.8349609375
16 16.030029296875
33 16.27001953125
57 17.219970703125
83 13.925048828125
102 15.294921875
97 17.330078125
69 17.330078125
32 15.48486328125
4 16.080078125
1 153.074951171875
6 17.455078125
24 16.7099609375
58 15.324951171875
90 17.580078125
113 15.530029296875
126 14.56005859375
123 16.969970703125
94 16.93505859375
51 17.3349609375
14 15.52490234375
1 168.3701171875
4 18.664794921875
9 16.275146484375
27 14.98486328125
56 17.985107421875
88 15.1298828125
114 21.7001953125
124 9.864990234375
102 17.72998046875
59 16.719970703125
16 15.195068359375
1 323.89990234375
4 11.39501953125
9 15.5400390625
14 18.739990234375
30 17.3798828125
50 15.080078125
80 17.22509765625
99 15.794921875
99 14.705078125
72 17.0498046875
36 16.030029296875
6 17.135009765625
1 192.005126953125
4 10.0400390625
9 17.71484375
17 16.72998046875
32 14.739990234375
51 16.860107421875
66 17.599853515625
74 14.47021484375
67 15.83984375
48 18.16015625
25 15.704833984375
6 18.3349609375
1 182.14013671875
6 18.77001953125
16 18.280029296875
32 13.625
56 16.219970703125
84 18.264892578125
102 14.590087890625
98 15.75
69 17.099853515625
32 15.880126953125
4 17.169921875
1 172.02001953125
4 10.875
26 36.78515625
28 17.94482421875
39 15.91015625
54 17.044921875
75 16.215087890625
94 12.27978515625
104 18.420166015625
91 16.675048828125
58 14.98486328125
24 18.14013671875
2 15.60498046875
1 229.094970703125
4 3.655029296875
8 19.530029296875
11 16.884765625
17 18.510009765625
23 14.860107421875
29 17.47998046875
37 13.169921875
44 17.085205078125
50 17.02978515625
51 15.860107421875
48 16.014892578125
38 18.795166015625
24 14.864990234375
12 17.445068359375
3 15.989990234375
1 443.534912109375
4 6.715087890625
8 16.94482421875
10 17.9951171875
13 13.784912109375
37 36.0400390625
23 15.364990234375
24 18.18505859375
24 14.60986328125
20 16.965087890625
17 17.10009765625
10 15.994873046875
7 16.900146484375
2 16.97998046875
-2 343.664794921875
-4 4.68017578125
-8 18.204833984375
-10 16.775146484375
-13 15.22998046875
-18 17.3798828125
-19 15.6201171875
-23 18.0400390625
-25 16.119873046875
-23 16.9599609375
-20 15.9501953125
-17 15.875
-11 18.419921875
-6 15.8349609375
-1 17.070068359375
-2 291.10986328125
-4 7.940185546875
-8 17.179931640625
-10 15.905029296875
-13 17.52001953125
-17 19.75
-21 12.264892578125
-23 17.554931640625
-24 16.76513671875
-23 17.18994140625
-23 17
-22 15.919921875
-22 15.7001953125
-21 17.25
-19 16.304931640625
-16 17.800048828125
-13 15.73486328125
-9 15.864990234375
-6 18.219970703125
-3 15.880126953125
-1 17.179931640625
-2 139.679931640625
-4 9.585205078125
-8 20.164794921875
-10 16.530029296875
-13 12.64501953125
-29 36.705078125
-12 14.514892578125
-11 15.940185546875
-7 15.89501953125
-3 18.469970703125
-1 15.724853515625
1 279.72998046875
22 37.3701171875
13 15.2900390625
14 17.559814453125
14 15.780029296875
13 18.510009765625
10 15.89013671875
7 15.554931640625
4 17.014892578125
2 17.3701171875
1 340.324951171875
4 9.81005859375
8 15.715087890625
10 15.919921875
13 16.909912109375
17 16.9951171875
20 20.219970703125
24 13.014892578125
27 16.830078125
31 19.1650390625
33 13.409912109375
32 18.68994140625
28 14.78515625
27 18.204833984375
25 19.30517578125
26 15.419921875
26 18.054931640625
30 13.045166015625
33 18.85498046875
36 22.73486328125
37 10.47509765625
36 14.244873046875
29 16.93017578125
23 18.909912109375
15 16.9951171875
7 21.02001953125
2 12.3349609375
1 131.919921875
4 20.56005859375
14 13.469970703125
31 16.77001953125
53 19.83984375
67 12.960205078125
76 18.864990234375
80 15.699951171875
73 13.7099609375
55 17.1201171875
33 22.304931640625
12 13.099853515625
1 16.885009765625
1 131.60009765625
6 18.864990234375
16 16.135009765625
32 16.89501953125
58 16.594970703125
85 15.735107421875
111 16.199951171875
121 17.824951171875
99 16.869873046875
56 14.77001953125
15 14.815185546875
1 167.02490234375
4 20.639892578125
15 15.8251953125
32 16.48486328125
57 18.18994140625
91 14.2900390625
123 17.625
145 17.130126953125
145 15.60498046875
112 14.599853515625
61 16.9501953125
14 15.21484375
1 138.565185546875
4 14.659912109375
9 17.514892578125
19 17.05517578125
33 14.77490234375
55 13.969970703125
81 21.610107421875
105 11.14990234375
120 21.300048828125
119 13.02001953125
91 17.199951171875
50 15.324951171875
13 17.35498046875
1 152.705078125
6 16.4599609375
16 16.550048828125
47 16.02490234375
86 16.594970703125
119 17.085205078125
134 17.23486328125
111 14.60498046875
64 16.97509765625
16 15.919921875
1 847.68505859375
22 33.784912109375
12 16.135009765625
33 35.81005859375
21 16.510009765625
26 16.280029296875
33 15.264892578125
39 16.215087890625
45 16.955078125
47 18.46484375
44 14.85009765625
35 17.98486328125
25 15.320068359375
13 17.580078125
4 17.099853515625
1 443.39501953125
4 5.650146484375
8 17.349853515625
10 15.719970703125
13 17.77001953125
14 16.125
15 16.190185546875
17 16.7548828125
18 16.02001953125
19 18.949951171875
19 13.860107421875
18 18.159912109375
15 17.300048828125
12 15.89501953125
9 16.010009765625
5 17.25
2 15.73486328125
1 16.955078125
1 368.25
4 14.300048828125
8 23.294921875
10 10.864990234375
13 19.030029296875
14 13.64013671875
14 17.519775390625
13 15.485107421875
12 16.9150390625
14 16.205078125
14 17.10498046875
17 17.949951171875
19 15.155029296875
23 17.704833984375
49 34.260009765625
23 17.380126953125
20 17.72998046875
15 15.080078125
10 18.969970703125
5 13.02001953125
2 17.054931640625
1 156.820068359375
4 9.155029296875
8 16.94482421875
11 19.28515625
19 16.125
46 15.9248046875
81 17.22998046875
113 18.945068359375
119 13.705078125
107 14.590087890625
86 17.56494140625
58 17.75
32 17.329833984375
12 13.235107421875
3 18.625
1 195.89501953125
12 19.0400390625
11 20.369873046875
18 16.739990234375
28 17.235107421875
38 15.239990234375
52 17.3349609375
66 14.820068359375
77 17.949951171875
76 15.050048828125
63 16.010009765625
40 17.06982421875
16 21.3251953125
2 10.454833984375
1 270.989990234375
4 15.66015625
8 16.544921875
11 15.8701171875
18 17.375
29 13.35498046875
37 17.06494140625
44 18.304931640625
46 14.630126953125
42 17.0849609375
31 16.0849609375
20 20.43994140625
8 14.590087890625
1 17.580078125
1 111.6748046875
12 21.380126953125
12 17.739990234375
26 17.639892578125
63 15.14013671875
110 18.864990234375
129 14.1298828125
126 17.090087890625
106 14.739990234375
72 15.744873046875
34 17.10009765625
9 17.050048828125
1 125.5849609375
4 8.31494140625
9 16.0400390625
17 18.219970703125
32 17.2451171875
65 13.364990234375
110 20.094970703125
126 15.469970703125
122 17.125
103 17.235107421875
69 17.125
33 13.23486328125
9 20.570068359375
1 117.760009765625
4 11.35498046875
9 16.449951171875
17 18.97509765625
33 17.46484375
55 16.22998046875
82 16.26513671875
98 15.244873046875
95 16.4951171875
68 17.280029296875
33 15.64990234375
5 17.06005859375
1 284.864990234375
4 18.739990234375
9 15.824951171875
17 16.1650390625
35 16.199951171875
48 15.385009765625
67 14.55517578125
74 17.10986328125
66 18.284912109375
48 16.27001953125
25 15.4150390625
6 17.074951171875
1 401.695068359375
4 19.135009765625
9 11.885009765625
14 18.9599609375
21 15.735107421875
25 16.4599609375
29 16.445068359375
29 17.919921875
26 15.090087890625
20 15.81982421875
13 18.4150390625
7 14.68505859375
2 19.2548828125
1 418.485107421875
4 12.205078125
8 16.46484375
10 16.5400390625
28 32.945068359375
17 17.0849609375
19 16.85498046875
21 17.4150390625
22 15.60986328125
20 17.78515625
18 16.2900390625
14 16
9 17.14501953125
6 15.81982421875
2 18.489990234375
1 16.35009765625
1 56.364990234375
4 10.074951171875
8 17.864990234375
11 15.235107421875
18 19.429931640625
29 15.010009765625
37 14.1650390625
55 17.044921875
71 16.455078125
83 19.969970703125
79 15.875
60 16.35009765625
34 16.534912109375
10 14.744873046875
1 287.695068359375
4 12.574951171875
8 17.05517578125
11 16.14990234375
37 38.094970703125
33 13.64013671875
50 16.98486328125
74 17.324951171875
97 13.97509765625
110 17.764892578125
94 16.965087890625
59 17.175048828125
21 14.445068359375
1 21.1298828125
1 223.625
4 4.630126953125
8 17.369873046875
11 15.6650390625
16 19.945068359375
27 16.02001953125
50 16.260009765625
79 14.94482421875
107 19.76513671875
119 15.875
102 17.704833984375
59 15.965087890625
17 17.125
1 281.844970703125
4 17.130126953125
9 16.56982421875
17 17.405029296875
28 13.6201171875
39 19.304931640625
50 15.85009765625
58 14.635009765625
61 19.48486328125
56 13.675048828125
42 16.994873046875
25 17.02001953125
9 15.795166015625
1 19.69482421875
1 182.320068359375
6 18.97998046875
16 14.580078125
33 16.544921875
52 17.89501953125
69 17.010009765625
77 13.280029296875
68 15.985107421875
49 16.894775390625
24 15.97509765625
5 18.1650390625
1 267.64501953125
4 15.5400390625
9 17
17 15.510009765625
32 20.159912109375
58 14.175048828125
85 15.074951171875
119 16.715087890625
141 20.69482421875
143 15.18505859375
112 16.51513671875
62 16.914794921875
17 17.1201171875
1 236.7099609375
4 11.409912109375
9 17.705078125
14 17.425048828125
55 33.474853515625
56 16.56005859375
77 16.78515625
100 17.184814453125
116 15.4951171875
117 14.425048828125
90 16.030029296875
48 16.969970703125
13 18.655029296875
3 183.224853515625
14 17.85009765625
31 16.094970703125
57 16.73486328125
87 16.385009765625
112 17.565185546875
122 16.199951171875
101 14.324951171875
57 17.52001953125
16 31.405029296875
1 136.60986328125
6 17.830078125
16 16.294921875
33 17.68505859375
67 14.179931640625
105 17.630126953125
127 17.18505859375
140 14.64990234375
134 17.755126953125
101 15.73486328125
55 15.074951171875
15 17.885009765625
1 147.10498046875
27 37.239990234375
29 16.81005859375
55 16.97998046875
78 14.830078125
108 17.389892578125
112 17.090087890625
102 15.89990234375
82 16.64501953125
57 14.815185546875
32 18.434814453125
13 17.969970703125
4 15.89501953125
1 165.6201171875
6 18.590087890625
24 15.0498046875
56 16.455078125
93 17.580078125
118 17.010009765625
108 13.239990234375
70 16.35986328125
24 33.64501953125
1 868.219970703125
4 19.080078125
8 15.044921875
18 16.18505859375
100 34.320068359375
106 17.14990234375
137 18.85498046875
129 11.93017578125
101 17.849853515625
63 14.094970703125
26 15.885009765625
6 17.02001953125
1 16.93994140625
1 151.5400390625
4 16.844970703125
9 16.91015625
17 17.760009765625
46 16.469970703125
84 15.96484375
115 17.72509765625
131 12.875
111 20.280029296875
64 13.93505859375
18 15.69482421875
1 235.455078125
4 16.675048828125
8 14.60498046875
11 17.794921875
18 17.300048828125
28 16.380126953125
38 17.10498046875
64 16.8798828125
103 17.35009765625
115 13.47998046875
106 17.10498046875
90 15.97998046875
62 16.969970703125
35 16.034912109375
15 18.110107421875
2 17.534912109375
1 199.02001953125
4 16.074951171875
9 19.47021484375
14 16.789794921875
22 15.72998046875
33 16.885009765625
51 17.375
75 13.7451171875
100 16.179931640625
105 16.719970703125
96 17.025146484375
79 18.760009765625
57 15.494873046875
33 14.670166015625
15 18.52490234375
5 15.780029296875
1 15.81005859375
1 186.139892578125
6 17.344970703125
16 15.650146484375
32 17.139892578125
56 17.22509765625
84 13.56982421875
102 16.9150390625
97 15.885009765625
70 18.929931640625
32 14.51513671875
4 20.08984375
1 125.045166015625
4 4.919921875
8 17
11 17.6201171875
16 16.119873046875
22 18.28515625
32 17.824951171875
45 13.074951171875
57 18.97509765625
62 14.634765625
58 17.385009765625
44 15.9501953125
28 17.27490234375
11 20.050048828125
1 15.06494140625
1 79.969970703125
4 20.195068359375
9 15.64990234375
17 17.110107421875
33 16.375
54 16.64501953125
81 14.304931640625
98 17.2900390625
95 17.2548828125
69 15.545166015625
34 16.139892578125
5 20.320068359375
1 198.320068359375
6 20.3349609375
16 14.719970703125
32 16.474853515625
52 17.06005859375
70 12.68994140625
77 17
69 21.35009765625
48 14.344970703125
25 15.81494140625
4 15.065185546875
1 202.599853515625
7 17.76513671875
16 14.85986328125
32 14.3349609375
52 16.155029296875
70 17.830078125
76 17.215087890625
69 15.85498046875
48 17.10498046875
25 15.60498046875
4 18.724853515625
1 129.93505859375
27 37.114990234375
22 17.60009765625
30 15.64990234375
46 15.485107421875
71 16.06005859375
82 16.5
87 16.014892578125
83 17.159912109375
70 16.985107421875
48 17.155029296875
25 17.06005859375
8 15.784912109375
1 461.514892578125
12 24.330078125
11 16.6201171875
18 15.969970703125
33 16.594970703125
52 13.570068359375
78 17.639892578125
106 17.070068359375
117 15.530029296875
99 17.059814453125
57 17.35498046875
16 16.940185546875
1 227.6748046875
4 5.150146484375
8 16.369873046875
11 19.405029296875
18 16.050048828125
32 14.1650390625
47 17.97998046875
62 15.405029296875
69 16.669921875
64 15.860107421875
48 18.530029296875
27 17.919921875
9 16.094970703125
1 185.695068359375
4 13.010009765625
9 17.22998046875
17 16.669921875
28 19.16015625
39 11.7998046875
53 16.610107421875
69 19.205078125
81 15.15478515625
81 19.130126953125
63 16.830078125
39 16.2099609375
15 16.3349609375
1 20.10986328125
1 180.64501953125
6 16.505126953125
16 16.599853515625
32 13.77001953125
57 18.275146484375
85 17.030029296875
104 14.7548828125
98 17.81005859375
68 16.9599609375
30 15.14501953125
3 15.820068359375
1 484.329833984375
4 18.280029296875
9 16.41015625
17 16.669921875
29 17.860107421875
38 15.414794921875
50 16.675048828125
58 18.419921875
64 14.64501953125
66 17.72509765625
61 15.300048828125
49 18.804931640625
33 15.135009765625
17 15.77490234375
4 17.545166015625
1 316.35986328125
4 17.080078125
9 14.534912109375
17 19.380126953125
34 17.02490234375
51 15.050048828125
81 16.2900390625
109 15.85986328125
120 19.10009765625
100 15.070068359375
58 14.5
16 19.849853515625
1 265.1650390625
4 18.28515625
9 16.284912109375
17 15.574951171875
32 16.830078125
51 16.8349609375
66 16.43505859375
73 15.909912109375
67 15.610107421875
48 18.19482421875
26 14.72998046875
6 21.135009765625
1 215.64013671875
6 16.580078125
13 16.94482421875
21 15.2451171875
31 17.804931640625
39 15.820068359375
45 13.96484375
46 15.989990234375
41 20.525146484375
31 13.449951171875
18 16.175048828125
7 16.764892578125
1 17.010009765625
1 301.969970703125
4 17.205078125
7 16.155029296875
11 14.43994140625
13 18.550048828125
14 17.070068359375
14 16.614990234375
13 15.10498046875
10 15.77490234375
7 15.780029296875
4 18.534912109375
2 15.05517578125
1 200.14501953125
4 20.664794921875
9 16.125
15 12.9501953125
20 16.83984375
26 17.53515625
28 17.169921875
29 15.114990234375
46 35.22998046875
13 15.330078125
7 15.919921875
2 17.025146484375
1 334.89990234375
4 16.02001953125
7 16.27001953125
11 16.875
13 16.8798828125
14 15.18994140625
14 18.22509765625
13 15.405029296875
10 17.375
7 15.52001953125
4 21.5
2 11.705078125
1 928.02978515625
4 6.2001953125
7 16.4599609375
11 16.93994140625
13 15.9599609375
20 16.150146484375
28 18.2998046875
35 18.260009765625
44 13.760009765625
52 16.760009765625
55 18.324951171875
90 31.610107421875
26 16.054931640625
12 16.3349609375
2 17.675048828125
-2 536.78515625
-4 12.044921875
-8 18.18994140625
-10 14.780029296875
-31 32.919921875
-22 17.1201171875
-23 17.0048828125
-25 17.565185546875
-24 15.81982421875
-20 16.905029296875
-16 15.60009765625
-10 18.27001953125
-5 16.034912109375
-2 140.01513671875
-4 9.824951171875
-8 17.454833984375
-11 16.27001953125
-16 15.14013671875
-22 18.27001953125
-28 15.44482421875
-35 17.625
-40 15.80517578125
-41 17.3798828125
-36 15.420166015625
-28 18.4599609375
-19 15.94482421875
-9 17.93505859375
-1 14.625
-2 238.31494140625
-4 11.75
-8 17.460205078125
-10 15.544921875
-13 19.469970703125
-14 13.465087890625
-14 18.909912109375
-13 15.364990234375
-10 16.06005859375
-7 16.89990234375
-4 18.5
-1 14.420166015625
1 109.894775390625
4 7.070068359375
8 17.320068359375
10 15.919921875
13 16.39013671875
14 18.39990234375
15 14.89990234375
17 17.5
18 15.440185546875
19 22.264892578125
19 11.97998046875
18 17.300048828125
15 17.27001953125
12 15.364990234375
9 15.794921875
5 21.06005859375
2 13.35009765625
1 16.909912109375
1 189.719970703125
4 10.360107421875
9 15.44482421875
14 16.045166015625
22 18.5
30 17
37 14.35986328125
43 19.6650390625
44 16.820068359375
39 15.10498046875
29 18.31005859375
19 14.18994140625
8 17.47998046875
1 18.89501953125
1 166.125
11 16.635009765625
30 15.679931640625
67 17.76513671875
105 17.68994140625
130 15.119873046875
143 16.590087890625
138 17.034912109375
104 17.6650390625
71 32.8701171875
1 181.97998046875
6 18.81005859375
17 14.704833984375
48 19.735107421875
86 12.56494140625
113 18.93505859375
132 17.849853515625
129 15.0400390625
100 15.824951171875
54 18.18017578125
14 13.33984375
1 291.844970703125
4 7.070068359375
8 24.41015625
11 11.385009765625
16 17.809814453125
22 14.364990234375
29 17.06005859375
36 15.81494140625
43 16.215087890625
49 18.080078125
52 16.044921875
48 16.300048828125
39 18.35986328125
25 14.14501953125
14 16.670166015625
3 17.06494140625
1 199.375
4 17.60498046875
8 17.590087890625
11 17.19482421875
18 15.9951171875
45 17.739990234375
87 16.48486328125
123 20.76513671875
147 14.46484375
152 15.820068359375
119 15.090087890625
67 17.56494140625
18 14.4599609375
1 200.505126953125
6 17.494873046875
16 16.679931640625
32 16.590087890625
56 17.510009765625
84 17.2099609375
111 18.2900390625
121 13.574951171875
100 14.820068359375
57 17.010009765625
16 19.094970703125
1 134.77001953125
4 12.18505859375
9 17.89990234375
17 17.864990234375
32 17.844970703125
56 15.400146484375
82 16.309814453125
99 16.170166015625
96 17.510009765625
67 15.89990234375
33 15.31005859375
4 15.43994140625
1 168.8701171875
6 16.5400390625
16 17.77978515625
32 16.190185546875
56 16.905029296875
83 16.329833984375
102 14.205078125
98 19.655029296875
69 13.739990234375
33 20.02001953125
4 19.514892578125
1 163.72998046875
6 15.78515625
16 16.309814453125
32 16.755126953125
52 17.294921875
70 16.800048828125
77 15.044921875
69 18.1201171875
48 15.5
25 16.744873046875
4 15.43017578125
1 234.179931640625
4 18.14501953125
9 14.969970703125
17 16.544921875
33 14.675048828125
54 17.179931640625
82 15.91015625
109 18.3349609375
120 15.780029296875
99 15.864990234375
57 17.114990234375
15 15.98486328125
1 217.090087890625
4 20.85498046875
9 15.449951171875
25 15.875
56 16.420166015625
93 17.15478515625
133 17.480224609375
152 16.554931640625
130 15.72998046875
76 15.72509765625
21 15.824951171875
1 217.89990234375
6 17.51513671875
16 16.309814453125
31 17.340087890625
57 16.875
86 16.054931640625
107 16.949951171875
121 14.065185546875
119 15.764892578125
92 16.985107421875
50 16.06494140625
14 17
1 152.10986328125
6 17.275146484375
16 16.0849609375
46 14.35498046875
93 19.635009765625
125 16.840087890625
117 16.300048828125
73 15.719970703125
23 14.58984375
1 218.940185546875
6 17.949951171875
16 16.760009765625
47 15.06494140625
86 17.98486328125
118 15.835205078125
148 15.68994140625
157 18.23486328125
128 14.85009765625
73 15.89501953125
20 17.784912109375
1 176.9599609375
4 5.105224609375
8 20.144775390625
11 14.97021484375
18 17.8798828125
32 14.7451171875
51 18.119873046875
79 16.025146484375
105 16.98486328125
111 15.669921875
98 18.34521484375
79 14.699951171875
55 15.744873046875
30 17.16015625
14 15.389892578125
3 17.739990234375
1 18.1201171875
1 182.7099609375
6 18.31982421875
16 15.205078125
32 13.775146484375
56 20.949951171875
84 12.31982421875
102 17.09521484375
98 17.14990234375
69 15.719970703125
32 18.400146484375
4 15.7998046875
1 180.0400390625
27 39.030029296875
22 15.929931640625
33 17.830078125
49 16.125
58 16.7900390625
66 14.849853515625
69 17.860107421875
66 15.1201171875
53 15.72998046875
35 16.02001953125
17 18.179931640625
4 18.58984375
1 182.580078125
6 18.18994140625
24 15.10009765625
55 16.625
89 18.244873046875
112 15.800048828125
127 16.215087890625
128 14.534912109375
92 17.670166015625
52 16.40478515625
14 15.010009765625
1 184.175048828125
4 19.385009765625
9 16.719970703125
17 15.739990234375
32 16.47509765625
54 17.715087890625
80 17.1748046875
97 14.880126953125
95 17.784912109375
70 14.9150390625
35 17.090087890625
6 14.97998046875
1 218.47998046875
6 18.389892578125
15 17.01513671875
46 12.08984375
93 19.85498046875
125 15.9501953125
118 14.469970703125
73 17.5
23 17.280029296875
1 234.244873046875
6 19.0400390625
24 14.344970703125
57 16.22509765625
99 17.760009765625
114 15.08984375
107 17.380126953125
69 15.7099609375
22 14.5400390625
1 17.21484375
1 552.030029296875
4 17.525146484375
7 16.1650390625
11 16.419921875
30 33.25
20 13.425048828125
23 18.52001953125
25 14.75
23 18.239990234375
20 15.73486328125
17 17.22509765625
11 16.89990234375
6 15.844970703125
2 17.344970703125
1 140.090087890625
4 9.804931640625
8 15.690185546875
11 17.294921875
16 18.02001953125
21 15.409912109375
29 16.43017578125
36 15.784912109375
40 17.0048828125
40 16.260009765625
37 16.80517578125
28 18.559814453125
18 14.4501953125
9 18.244873046875
2 16.455078125
1 230.869873046875
22 38.070068359375
13 13.455078125
20 16.56982421875
31 17.72998046875
46 16.215087890625
58 16.705078125
65 15.514892578125
60 18.72998046875
46 15.7451171875
28 17.010009765625
9 15.014892578125
1 16.545166015625
1 439.329833984375
4 12.18994140625
9 15.010009765625
14 16.420166015625
21 17.954833984375
25 15.14501953125
31 18.760009765625
35 15.43017578125
38 17.2099609375
37 17.385009765625
33 15.364990234375
25 17.125
16 17.5048828125
9 14.614990234375
2 16.9599609375
1 147.4951171875
12 18.9599609375
11 18.14013671875
18 15.96484375
28 16.824951171875
38 16.195068359375
44 17.739990234375
46 14.9951171875
41 20.514892578125
32 13.794921875
19 19.525146484375
9 14.614990234375
1 15.784912109375
1 229.400146484375
28 36.19482421875
20 17.090087890625
26 17.110107421875
28 16.519775390625
30 16.490234375
29 15.554931640625
30 18.445068359375
27 14.73486328125
25 18.324951171875
20 16.9599609375
15 15.75
11 17.47021484375
6 17.15478515625
3 15.505126953125
1 15.925048828125
-2 202.669921875
-4 14.47998046875
-9 17.080078125
-14 15.1650390625
-21 17.739990234375
-25 15.72998046875
-31 18.614990234375
-35 15.510009765625
-38 17.304931640625
-37 16.735107421875
-33 16.054931640625
-25 15.744873046875
-16 17.090087890625
-9 17.300048828125
-1 15.510009765625
1 905.52490234375
4 12.420166015625
7 15.71484375
10 15.6650390625
14 17.35498046875
17 15.949951171875
21 18.050048828125
28 14.840087890625
33 17.125
37 18.224853515625
37 14.775146484375
34 19.449951171875
27 16.1650390625
18 16.574951171875
9 15.8798828125
3 15.6650390625
1 151.2099609375
4 16.300048828125
8 16.844970703125
11 15.315185546875
16 18.85498046875
21 17.364990234375
33 17.780029296875
64 15.15478515625
98 16.75
125 16.4501953125
133 17.7548828125
170 30.824951171875
16 16.875
1 148.690185546875
6 16.47998046875
16 16.559814453125
32 18.18505859375
57 16.68994140625
92 15.130126953125
122 19.705078125
142 17.27978515625
142 17.0400390625
111 15.330078125
62 17.27001953125
17 13.0048828125
1 167.455078125
6 19.93994140625
16 15.705078125
48 16.5849609375
86 16.010009765625
113 16.885009765625
129 17.449951171875
130 13.35009765625
100 16.864990234375
56 16.074951171875
15 16.909912109375
1 324.25
4 10.18505859375
9 15.735107421875
14 17.364990234375
20 17.099853515625
26 14.510009765625
28 19.989990234375
29 15.190185546875
26 15.9150390625
20 17.02490234375
14 15.449951171875
7 18.7099609375
2 18.614990234375
1 113
4 19.2099609375
9 16.730224609375
14 16.784912109375
22 14.715087890625
33 17.85986328125
48 16.284912109375
61 15.740234375
66 15.764892578125
61 19.2900390625
46 17.344970703125
26 16.840087890625
9 12.494873046875
1 188.35498046875
4 11.66015625
8 18.324951171875
10 19.0849609375
13 15.659912109375
20 16.06494140625
28 17.565185546875
35 16.824951171875
42 16.2548828125
42 15.715087890625
38 14.489990234375
30 16.955078125
19 16.19482421875
9 18.210205078125
1 19.14990234375
1 162.68505859375
4 20.14501953125
9 16.125
17 15.56982421875
32 17.1201171875
54 17.014892578125
81 13.585205078125
109 19.184814453125
120 14.820068359375
99 19.655029296875
58 14.52490234375
16 15.91015625
1 156.974853515625
4 9.675048828125
8 18.719970703125
11 17.5400390625
16 16.485107421875
21 16.934814453125
32 14.77001953125
62 18.150146484375
97 14.44482421875
124 19.10498046875
134 15.8701171875
110 15.705078125
63 16.554931640625
17 17.25
1 277.8798828125
12 24.6650390625
10 16.2451171875
14 15.77001953125
17 13.760009765625
21 16.72998046875
28 18.369873046875
35 13.324951171875
41 19.3251953125
46 14.73486328125
49 19.965087890625
46 16.864990234375
37 12.93505859375
25 17.530029296875
14 16.21484375
4 21.554931640625
1 180.210205078125
6 18.625
16 14.7998046875
32 17.170166015625
52 16.389892578125
70 16.489990234375
77 16.650146484375
69 13.489990234375
48 19.364990234375
25 17.284912109375
4 14.610107421875
1 184.919921875
6 17.619873046875
16 16.8701171875
32 15.969970703125
57 17.324951171875
85 15.239990234375
104 14.135009765625
99 20.26513671875
67 13.869873046875
30 18.16015625
3 17.079833984375
1 149.400146484375
4 17.239990234375
9 16.304931640625
17 19.72998046875
33 14.324951171875
65 13.469970703125
102 16.610107421875
130 19.530029296875
140 13.7099609375
114 20.35009765625
66 12.760009765625
19 18.14501953125
1 485.079833984375
4 16.8349609375
7 14.27001953125
11 17.094970703125
13 21.210205078125
14 11.744873046875
14 19.614990234375
13 13.419921875
10 19.255126953125
7 13.794921875
4 19.364990234375
5 14.425048828125
8 18.43994140625
9 16.925048828125
12 13.449951171875
14 16.425048828125
17 16.610107421875
19 18.474853515625
21 18.005126953125
23 16.64501953125
22 13.85498046875
24 16.139892578125
26 16.900146484375
29 19.385009765625
32 15.760009765625
33 19.784912109375
32 14.93994140625
28 15.6650390625
21 17.875
15 16.804931640625
9 15.505126953125
3 16.669921875
1 199.919921875
6 17.80517578125
13 15.574951171875
21 16.5048828125
30 16.010009765625
39 14.795166015625
46 19.6298828125
46 16.6650390625
40 17.0400390625
31 15.974853515625
19 17.510009765625
7 16.505126953125
1 16.369873046875
1 446.2900390625
4 17.06005859375
9 16.155029296875
14 18.77001953125
22 17.19482421875
33 15.3701171875
47 15.304931640625
60 17.525146484375
65 15.75
61 18.43994140625
47 17.43505859375
27 17.929931640625
9 16.320068359375
1 16.264892578125
1 213.64501953125
4 16.965087890625
13 16.14501953125
31 16.869873046875
52 19.14501953125
67 16.06494140625
76 18.60009765625
80 15.9150390625
74 16.58984375
56 16.2099609375
33 15.980224609375
12 19.06494140625
1 14.844970703125
1 116.244873046875
4 17.260009765625
13 16.60498046875
31 21.5
70 12.235107421875
106 16.1201171875
135 15.614990234375
142 16.5
115 18.789794921875
66 16.59521484375
17 15.21484375
1 214.28515625
4 18.4248046875
9 14.66015625
17 16.885009765625
33 18.559814453125
66 14.460205078125
111 19.534912109375
123 13.419921875
123 20.5400390625
105 15.965087890625
70 16.06982421875
32 17.755126953125
6 16.155029296875
1 183.675048828125
6 17.344970703125
16 14.9599609375
47 17.2099609375
90 17.860107421875
113 14.724853515625
132 16.449951171875
111 16.710205078125
66 15.83984375
18 16.025146484375
-2 499.579833984375
-4 17.255126953125
-7 15.699951171875
-12 16.97509765625
-16 17.294921875
-20 17.030029296875
-24 16.635009765625
-27 16.364990234375
-26 15.675048828125
-23 16.0849609375
-19 16.96484375
-12 16.93017578125
-7 17.81494140625
-1 15.14990234375
-2 103.205078125
-4 13.739990234375
-9 18.675048828125
-14 17.39501953125
-22 15.635009765625
-30 17.885009765625
-37 15.10498046875
-43 16.7900390625
-44 14.849853515625
-38 16.02001953125
-30 18.22998046875
-19 16.9599609375
-8 15.875
1 90.30517578125
4 9.914794921875
9 17.275146484375
17 15.534912109375
32 17.06494140625
50 18.385009765625
63 17.945068359375
78 15.179931640625
91 14.235107421875
95 16.625
81 16.385009765625
53 16.844970703125
23 17.554931640625
3 15.530029296875
1 173.7099609375
4 11.925048828125
9 18.5400390625
17 16.10009765625
48 16.9599609375
86 15.119873046875
119 14.955078125
115 18.06005859375
94 15.030029296875
63 18.454833984375
32 15.60009765625
10 17.375
2 15.68505859375
1 127.2900390625
4 5.309814453125
9 18.630126953125
17 16.425048828125
46 17.3349609375
84 16.344970703125
115 16.864990234375
130 14.655029296875
110 17.169921875
65 17.130126953125
19 15.669921875
1 166.885009765625
6 16.18994140625
12 19.68505859375
21 16.0400390625
35 16.69482421875
66 15.91015625
103 17.81494140625
132 13.465087890625
139 16.294921875
111 19.89990234375
60 14.425048828125
14 18.080078125
1 182.030029296875
4 17.69482421875
9 15.905029296875
17 19.43017578125
30 13.73486328125
37 14.860107421875
49 19.2900390625
58 14.58984375
60 16.070068359375
55 18.419921875
42 16.81494140625
26 18.55517578125
11 14.669921875
1 17.89013671875
1 92.4599609375
4 6.14501953125
8 15.074951171875
11 21.554931640625
27 15.93505859375
65 18.21484375
111 14.105224609375
142 18.434814453125
129 12.68017578125
79 17.625
23 15.489990234375
1 158.81494140625
4 9.989990234375
9 18.10498046875
17 18.235107421875
46 13.454833984375
83 16.755126953125
111 17.21484375
131 15.64013671875
131 14.030029296875
101 17.809814453125
54 17.0751953125
12 17.639892578125
1 166.0849609375
4 17.80517578125
9 16.449951171875
17 16.35498046875
97 34.554931640625
109 14.9951171875
126 14.744873046875
121 17.43994140625
102 17.775146484375
69 13.81982421875
35 17.130126953125
9 17.215087890625
1 17.059814453125
3 234.469970703125
14 17.340087890625
32 15.655029296875
59 18.3701171875
88 14.94482421875
107 16.6650390625
99 14.72998046875
68 18.27001953125
28 14.75
2 19.830078125
1 147.175048828125
4 21.64990234375
9 16.760009765625
26 13.844970703125
66 15.044921875
116 18.8701171875
126 15.330078125
131 18.169921875
111 13.489990234375
73 19.47998046875
32 16.8798828125
5 18.66015625
1 176.85498046875
28 35.199951171875
21 19.574951171875
34 16.3701171875
52 16.73486328125
77 17.505126953125
100 13.764892578125
117 15.989990234375
118 15.925048828125
90 17.06494140625
50 17.510009765625
12 18.195068359375
1 179.830078125
4 17.5048828125
13 17.01513671875
27 16.06494140625
39 16.844970703125
52 16.304931640625
63 18.66015625
67 16.760009765625
59 14.155029296875
43 16.9599609375
24 17.0498046875
8 16.115234375
1 135.3798828125
6 18.159912109375
17 17.27001953125
34 14.565185546875
55 16.074951171875
72 16.844970703125
77 14.784912109375
68 18.025146484375
46 16.039794921875
21 15.695068359375
3 17.26513671875
1 118.85498046875
6 18.764892578125
16 15.06005859375
33 17.455078125
67 15.56982421875
103 16.830078125
133 14.574951171875
141 19.41015625
116 13.294921875
66 19.6298828125
18 14.025146484375
-2 288.72998046875
-4 12.21484375
-8 14.635009765625
-10 17.965087890625
-13 15.784912109375
-17 17.340087890625
-20 17.31494140625
-24 15.72509765625
-28 18.889892578125
-30 13.8251953125
-33 17.224853515625
-32 18.304931640625
-29 16.59521484375
-22 14.914794921875
-16 17.210205078125
-9 15.73486328125
-3 18.010009765625
-2 134.25
-6 16.034912109375
-14 18.205078125
-21 17.425048828125
-30 15.7548828125
-39 14.55517578125
-45 20.08984375
-45 13.824951171875
-43 14.400146484375
-40 18.760009765625
-34 14.824951171875
-29 18.880126953125
-22 15.239990234375
-15 15.829833984375
-9 18.22509765625
-4 14.724853515625
-2 18.460205078125
1 74.594970703125
4 7.0400390625
8 18.579833984375
11 14.89501953125
16 17.804931640625
21 15.47021484375
29 19.824951171875
35 16.159912109375
40 14.550048828125
42 17.034912109375
44 15.824951171875
42 16.990234375
38 17.3798828125
31 15.655029296875
21 17.405029296875
12 16.98486328125
4 15.590087890625
1 19.469970703125
1 115.590087890625
4 14.954833984375
8 16.315185546875
11 18.68994140625
26 17.68505859375
52 16.8349609375
83 17.43994140625
111 15.68505859375
124 13.409912109375
103 17.505126953125
60 16.5498046875
17 16.090087890625
1 170.85498046875
4 12.205078125
9 22.0400390625
17 15.744873046875
48 15.89013671875
84 15.60498046875
111 16.244873046875
128 18.22509765625
128 13.094970703125
100 17.885009765625
55 15.889892578125
15 15.360107421875
1 153.014892578125
6 19.1201171875
16 15.304931640625
49 16.054931640625
87 16.610107421875
116 16.614990234375
131 19.449951171875
111 16.14501953125
64 13.14013671875
19 15.635009765625
1 192.90478515625
4 7
8 16
15 19.260009765625
31 16.065185546875
55 17.164794921875
82 16.93017578125
109 17.514892578125
120 13.340087890625
100 17.094970703125
59 15.8349609375
16 17.044921875
1 178.6650390625
4 4.205078125
8 24.35009765625
11 13.4248046875
20 14.28515625
33 17.284912109375
65 17.215087890625
108 16.2900390625
135 14.239990234375
121 15.89501953125
73 17.39990234375
21 15.989990234375
1 166.594970703125
6 16.419921875
13 17.795166015625
29 16.31494140625
55 16.614990234375
85 19.7548828125
98 13.39013671875
95 18.85009765625
85 15.0498046875
66 16.344970703125
42 16.315185546875
20 17.994873046875
5 16.68505859375
1 184.4150390625
6 15.89501953125
16 16.534912109375
48 15.39501953125
95 19.715087890625
127 15.19482421875
117 17.364990234375
71 12.864990234375
19 19.30517578125
1 216.284912109375
4 14.35498046875
8 17.14013671875
11 18.294921875
25 16.85986328125
53 17.41015625
84 15.72998046875
107 16.830078125
123 18.579833984375
122 15.830078125
95 15.580078125
52 18.639892578125
15 11.93994140625
1 163.715087890625
12 25.494873046875
11 15.6650390625
26 19.030029296875
54 12.81005859375
84 16.205078125
108 16.864990234375
124 15.659912109375
123 17.159912109375
93 18.440185546875
51 12.264892578125
13 16.955078125
1 182.85498046875
6 19.594970703125
16 16.93505859375
32 16.074951171875
66 14.22509765625
112 18.85986328125
140 17.360107421875
127 14.044921875
77 15.89501953125
23 16.989990234375
1 200.139892578125
4 18.920166015625
9 17.93994140625
17 15.219970703125
46 16.35498046875
83 18.679931640625
116 15.93017578125
132 15.14990234375
111 17.169921875
64 14.739990234375
17 17.16015625
1 185.034912109375
4 17.195068359375
8 16.090087890625
11 16.169921875
25 18.77490234375
53 15.93017578125
83 14.764892578125
107 18.110107421875
123 16.539794921875
123 16.51513671875
95 13.264892578125
52 17.324951171875
15 17.280029296875
1 172.705078125
4 11.885009765625
9 16.695068359375
17 18.02001953125
45 14.96484375
89 17.090087890625
105 17.47998046875
106 16.929931640625
94 13.39013671875
70 16.284912109375
41 17.02490234375
17 15.855224609375
2 18.474853515625
1 148.18505859375
4 17.64501953125
9 17.06494140625
17 19.6650390625
29 15.625
39 15.93994140625
67 17.10498046875
100 16.635009765625
123 15.77001953125
130 16.2099609375
105 15.860107421875
59 15.71484375
17 16.7001953125
1 430.719970703125
12 19.639892578125
10 16.39501953125
13 17.275146484375
18 19.44482421875
21 13.2900390625
27 16.27001953125
33 16.889892578125
36 16.340087890625
37 17.550048828125
35 17.010009765625
26 16.14990234375
18 16.05517578125
10 17.769775390625
3 14.860107421875
1 384.030029296875
4 17.60986328125
7 17.97509765625
11 14.804931640625
13 15.64501953125
14 15.9951171875
14 18.294921875
13 15.610107421875
10 17.405029296875
7 17.304931640625
4 15.0849609375
2 17.550048828125
1 233.46484375
6 20.530029296875
16 13.900146484375
33 17.054931640625
68 14.919921875
104 19.080078125
133 16.389892578125
141 15.420166015625
114 14.60498046875
66 16.85986328125
18 16.025146484375
1 384
4 19.304931640625
7 16.9599609375
12 17.6201171875
19 16.25
30 13.89990234375
52 16.985107421875
74 14.760009765625
86 18.33984375
87 18.594970703125
82 16.210205078125
68 14.494873046875
46 16.56005859375
24 15.869873046875
7 18.18505859375
1 14.949951171875
1 222.295166015625
4 11.329833984375
9 16.715087890625
17 18.530029296875
31 18.445068359375
56 16.034912109375
84 16.425048828125
107 15.69482421875
120 16.1201171875
118 18.10498046875
90 13.804931640625
50 16.0751953125
13 16.849853515625
1 248.044921875
12 19.280029296875
11 19.385009765625
18 13.380126953125
28 20.030029296875
38 14.844970703125
51 19.14990234375
66 14.8349609375
76 17.7001953125
77 14.679931640625
62 16.0048828125
41 16.485107421875
17 17.27490234375
2 15.570068359375
1 166.159912109375
4 19.510009765625
13 16.4599609375
46 15.89501953125
85 17.460205078125
119 16.9248046875
150 17.175048828125
159 14.9599609375
130 15.905029296875
73 15.425048828125
20 17.369873046875
1 351.375
6 14.39013671875
16 19.659912109375
31 16.635009765625
139 33.93017578125
109 15.35986328125
119 16.01513671875
101 16.5048828125
60 16.02001953125
18 15.369873046875
1 217.530029296875
4 17.715087890625
9 14.669921875
17 19.89501953125
32 15.824951171875
55 17.1201171875
79 17.2900390625
98 15.60986328125
95 14.614990234375
69 16
35 17.155029296875
6 19.31005859375
-2 367.93505859375
-4 12.56005859375
-8 17.909912109375
-11 19.43505859375
-16 13.35986328125
-20 17.375
-24 17.93994140625
-30 14.81005859375
-33 19.094970703125
-35 13.864990234375
-35 17.335205078125
-31 17.06982421875
-24 15.670166015625
-17 17.594970703125
-8 14.46484375
-2 18.315185546875
1 297.46484375
27 34.10498046875
21 19.690185546875
26 17.52490234375
32 14.7548828125
44 17.9951171875
52 12.925048828125
57 18.1650390625
54 17.164794921875
43 14.635009765625
28 18.545166015625
13 14.83984375
2 18.93505859375
1 150.4951171875
4 15.77001953125
9 14.65478515625
17 20.295166015625
33 16.385009765625
54 15.869873046875
80 17.985107421875
98 16.31494140625
94 17.405029296875
69 15.875
35 13.489990234375
6 16.909912109375
1 186.219970703125
10 16.1650390625
45 16.739990234375
86 15.735107421875
114 16.56494140625
133 18.01513671875
133 16.31494140625
104 15.619873046875
58 16.050048828125
16 14.72998046875
1 212.955078125
4 4.300048828125
9 17.044921875
14 16.469970703125
22 20.534912109375
29 15.77001953125
38 15.485107421875
50 17.72509765625
64 15.394775390625
74 16.880126953125
74 15.72509765625
61 14.9248046875
40 16.72998046875
18 18.9150390625
2 14.31005859375
1 139.695068359375
4 10.52001953125
9 16.929931640625
14 16.094970703125
22 18.465087890625
33 18.139892578125
51 17.090087890625
72 15.454833984375
87 16.650146484375
87 13.919921875
68 18.235107421875
40 15.849853515625
12 15.840087890625
1 161.02001953125
4 7.97998046875
9 18.264892578125
17 15.905029296875
32 17.380126953125
50 15.639892578125
67 16.9599609375
73 16.125
67 14.614990234375
48 15.965087890625
26 16.965087890625
6 17.06494140625
1 151.31494140625
6 18.4150390625
24 15.68994140625
57 17.070068359375
89 15.72509765625
112 19.219970703125
127 14.72998046875
124 13.639892578125
94 16.429931640625
52 17.030029296875
14 17.195068359375
1 133.300048828125
6 17.659912109375
16 15.9951171875
31 17.014892578125
56 17.445068359375
84 16.955078125
111 15.875
121 17.074951171875
101 17.23486328125
57 13.635009765625
16 16.885009765625
1 153.30517578125
4 14.1298828125
9 17.425048828125
17 18.0048828125
32 15.97509765625
54 16.044921875
80 18.080078125
91 16.070068359375
90 17.02001953125
83 13.699951171875
65 17.23486328125
43 15.760009765625
23 18.35498046875
7 16.090087890625
1 19.179931640625
1 111.260009765625
12 20.989990234375
11 17.114990234375
19 18.14501953125
32 14.860107421875
53 16.889892578125
75 17.53515625
92 18.5849609375
91 12.304931640625
69 15.31005859375
37 17.64990234375
8 17.5400390625
1 157.10498046875
4 8.4951171875
9 18.054931640625
17 17.60986328125
32 15.77001953125
55 20.05517578125
80 13.409912109375
99 17.06005859375
95 13.614990234375
69 17.114990234375
34 15.905029296875
5 18.06982421875
1 144.7900390625
4 4.2900390625
9 16.965087890625
17 18.7099609375
32 16.705078125
65 17.329833984375
103 16.465087890625
130 17.074951171875
139 16.260009765625
115 14.43505859375
66 15.9599609375
19 16.02001953125
1 157.9599609375
4 9.324951171875
9 16.14013671875
14 20.18994140625
28 15.3798828125
53 16.97021484375
87 16.949951171875
118 16.375
127 17.81494140625
99 13.635009765625
51 16.02001953125
9 17.294921875
1 320.445068359375
4 12.02001953125
9 17.89990234375
14 17.7451171875
55 33.224853515625
52 17.27001953125
74 17.840087890625
90 12.175048828125
88 17.079833984375
67 15.91015625
37 17.530029296875
9 16.625
3 218.27490234375
14 17.64013671875
31 15.704833984375
58 17.110107421875
87 16.5849609375
113 16.324951171875
121 14.4150390625
100 17.080078125
57 18.68994140625
16 14.244873046875
1 186.175048828125
4 16.25
9 16.090087890625
18 18
45 16.39501953125
84 16.8349609375
112 16.2900390625
128 15.949951171875
129 17.969970703125
100 14.43994140625
55 14.820068359375
15 17.27490234375
1 183.530029296875
6 18.35009765625
16 15.97998046875
31 18.169921875
56 16.43505859375
84 16.755126953125
109 15.954833984375
121 16.844970703125
101 13.455078125
58 17.280029296875
17 16.85009765625
1 165.949951171875
4 19.655029296875
8 16.574951171875
11 16.294921875
18 16.534912109375
32 17.585205078125
52 16.85986328125
78 15.64013671875
104 16.474853515625
116 14.52001953125
99 16.739990234375
59 16.02001953125
18 17.044921875
1 204.39501953125
4 15.875
9 17.530029296875
15 16.090087890625
21 16.72998046875
35 14.869873046875
52 17.815185546875
72 15.85986328125
87 16.7099609375
87 13.93505859375
67 16.670166015625
38 18.574951171875
12 16.224853515625
1 146.6650390625
13 22.455078125
17 15.1298828125
32 16.675048828125
54 16.425048828125
79 18.06005859375
99 16.510009765625
95 12.98486328125
69 16.989990234375
35 16.4599609375
6 16.735107421875
1 150.030029296875
6 20.699951171875
13 16.074951171875
44 16.68017578125
197 31.9599609375
128 17.280029296875
135 16.9599609375
125 15.68994140625
91 13.85009765625
48 16.35498046875
12 16.97998046875
1 195.25
4 4.919921875
8 19.675048828125
11 15.875
25 17.875
53 19.669921875
84 13.275146484375
112 13.744873046875
125 19.800048828125
105 14.544921875
56 15.675048828125
16 16.68994140625
1 188.630126953125
4 10.73486328125
8 19.280029296875
11 16.85498046875
19 15.594970703125
28 17.085205078125
38 17.469970703125
44 14.655029296875
46 17.0048828125
41 15.695068359375
32 15.9599609375
19 18.219970703125
8 17.10009765625
1 17.3349609375
1 122.6650390625
4 9.0048828125
8 18.864990234375
11 16.77001953125
16 17.1201171875
20 15.06982421875
24 14.5400390625
27 17.39501953125
26 15.780029296875
23 16.889892578125
19 17.51513671875
12 15.6650390625
7 16.784912109375
2 18.320068359375
1 174.219970703125
4 7.474853515625
8 16.85009765625
15 17.2099609375
27 16.525146484375
53 17.579833984375
76 19.489990234375
94 13.5
95 19.364990234375
87 15.094970703125
69 13.55517578125
45 17.08984375
21 16.93505859375
5 18.5
1 167.06005859375
4 15.050048828125
9 15.804931640625
17 19.219970703125
33 15.85009765625
65 16.514892578125
110 16.760009765625
139 17.905029296875
124 14.27490234375
76 19.175048828125
22 14.51513671875
1 434.94482421875
4 15.125
9 17.135009765625
14 18.195068359375
51 31.469970703125
38 16.97509765625
49 18.329833984375
63 16.4150390625
73 13.0400390625
74 16.025146484375
62 18.90478515625
40 15.175048828125
19 15.945068359375
3 16.93994140625
1 169.89501953125
4 13.195068359375
9 17.125
14 18.599853515625
22 16.84521484375
30 17.8349609375
38 16.2900390625
46 15.94482421875
42 14.39013671875
38 17.704833984375
30 16.75
18 15.7451171875
7 16.349853515625
1 18.53515625
1 144.974853515625
13 24.445068359375
17 14.114990234375
32 17.715087890625
55 17.669921875
80 15.219970703125
98 16.635009765625
95 14.60498046875
69 17.0400390625
35 15.380126953125
5 17.77001953125
1 141.35498046875
4 9
9 15.02490234375
17 16.985107421875
31 19.409912109375
55 15.875
81 16.679931640625
108 17.6650390625
119 16.195068359375
100 16.284912109375
58 15
17 17.280029296875
1 314.699951171875
6 20.880126953125
13 15.280029296875
21 16.514892578125
49 18.675048828125
85 13.89501953125
116 18.010009765625
110 19.050048828125
72 11.73486328125
26 18.005126953125
1 16.074951171875
1 158.44482421875
4 6.580078125
8 19.739990234375
11 15.25
16 19.985107421875
29 14.239990234375
51 17.014892578125
79 16.31494140625
106 16.690185546875
119 15.7548828125
100 16.01513671875
59 15.885009765625
17 15.89501953125
1 361.889892578125
4 4.949951171875
9 18.735107421875
17 15.52001953125
31 16.625
135 36.10986328125
91 14.655029296875
90 18.1650390625
83 13.68994140625
65 15.9599609375
66 33.885009765625
7 19.330078125
1 18.1650390625
1 102.18994140625
4 10.10498046875
9 20.715087890625
18 14.474853515625
32 18.900146484375
55 16.054931640625
82 17.264892578125
107 12.740234375
118 15.794921875
99 17.030029296875
58 19.079833984375
17 14.0751953125
1 159.89990234375
4 6.9951171875
8 18.269775390625
11 15.43017578125
18 18.784912109375
32 16.3701171875
47 16.1298828125
60 14.929931640625
68 18.97509765625
73 14.800048828125
68 15.829833984375
55 17.085205078125
36 15.989990234375
16 17.02490234375
3 17.030029296875
1 192.280029296875
4 7.60986328125
8 17.93017578125
11 15.21484375
16 19.735107421875
23 20.47998046875
30 12.27001953125
44 16.27001953125
55 13.58984375
61 17.1201171875
58 18.10009765625
46 14.794921875
29 17.06494140625
13 18.284912109375
1 14.635009765625
1 217.22509765625
4 18.625
9 18.02001953125
17 16.304931640625
28 15.60498046875
40 16.85009765625
47 14.784912109375
49 15.864990234375
44 18.43017578125
33 14.969970703125
20 16.329833984375
7 16.8251953125
1 25.669921875
1 105.510009765625
13 21.47998046875
17 18.3798828125
29 16.050048828125
39 15.7451171875
50 16.1298828125
58 15.545166015625
61 16.044921875
55 17.050048828125
41 16.929931640625
26 15.909912109375
9 19.630126953125
1 17.619873046875
1 87.47509765625
4 10.31494140625
9 16.47509765625
17 19.27001953125
32 14.23486328125
55 16.679931640625
80 16.8251953125
97 17.594970703125
95 15.56494140625
69 15.679931640625
35 14.830078125
6 17.094970703125
-2 273.505126953125
-4 10.44482421875
-9 16.170166015625
-14 16.204833984375
-21 16.66015625
-30 17.44482421875
-37 16.1650390625
-43 16.485107421875
-44 17.135009765625
-38 16.244873046875
-30 17.755126953125
-19 14.864990234375
-9 18.139892578125
-2 174.135009765625
-4 7.8701171875
-9 16.44482421875
-14 16.855224609375
-22 19.474853515625
-29 15.89501953125
-38 17.639892578125
-43 16.205078125
-43 13.860107421875
-39 19.425048828125
-30 14.989990234375
-24 17.239990234375
-23 18.02001953125
-21 13.2998046875
-17 19.47998046875
-15 15.26513671875
-11 15.60986328125
-8 16.590087890625
-4 17.534912109375
-2 15.460205078125
2 16.9599609375
11 17.14501953125
25 15.934814453125
40 20.7001953125
57 16.02490234375
80 15.965087890625
100 17.869873046875
116 15.97998046875
116 13.320068359375
89 18.659912109375
49 14.485107421875
13 17.48486328125
1 284.989990234375
4 15.41015625
9 17.989990234375
24 16.429931640625
57 17.570068359375
89 17.0400390625
111 15.014892578125
125 17.080078125
122 17.77490234375
93 15.340087890625
51 15.280029296875
14 16.22998046875
1 141.909912109375
4 8.505126953125
9 18.23486328125
17 17.080078125
46 17.205078125
82 16.85986328125
115 15.9599609375
130 16.275146484375
111 16.77490234375
66 14.824951171875
19 15.72998046875
1 133.625
4 18.9951171875
8 17.06494140625
13 17.380126953125
24 15.530029296875
32 16.994873046875
40 15.9599609375
43 16.93505859375
41 15.679931640625
32 14.735107421875
21 17.10498046875
11 18.68994140625
2 17.794921875