57 33.080078125
57 100.52001953125
57 16.159912109375
57 17
57 16.02001953125
114 17.219970703125
57 17.02001953125
114 16.14013671875
57 17.139892578125
57 16.0400390625
57 17.10009765625
57 17.639892578125
57 15.97998046875
57 16.02001953125
114 17.10009765625
57 16.159912109375
57 17
57 16.179931640625
57 17.10009765625
57 17.080078125
57 16.039794921875
57 50.360107421875
1254 349.380126953125
912 17.31982421875
57 16.18017578125
114 17.079833984375
57 17.199951171875
114 16.2001953125
57 17.199951171875
114 16.099853515625
57 17.14013671875
57 33.33984375
57 16.02001953125
114 17.18017578125
114 16.199951171875
114 17.099853515625
57 16.02001953125
114 17.239990234375
57 16.10009765625
57 17.179931640625
114 16.10009765625
114 17.179931640625
57 16.219970703125
57 17.1201171875
114 16.02001953125
57 17.239990234375
114 17.119873046875
57 16.080078125
57 17.159912109375
57 16.2001953125
114 17.5
57 15.639892578125
57 17.06005859375
57 16.219970703125
114 17.06005859375
57 16.260009765625
57 17.02001953125
57 16.31982421875
57 33.260009765625
57 16.93994140625
171 17.06005859375
114 16.239990234375
57 17.320068359375
114 15.93994140625
57 17.14013671875
114 16.280029296875
114 17.179931640625
57 15.93994140625
57 17.159912109375
114 16.02001953125
57 17.1201171875
114 17
57 16.239990234375
114 17.02001953125
57 16.159912109375
114 17.400146484375
57 15.77978515625
57 17.10009765625
114 17.280029296875
57 16
57 17.10009765625
57 16.119873046875
114 17.880126953125
57 15.47998046875
57 16.97998046875
57 16.219970703125
114 17.199951171875
57 15.9599609375
57 17.080078125
57 17.139892578125
57 16.080078125
114 17.080078125
228 16.119873046875
228 17.260009765625
171 15.900146484375
228 17.119873046875
228 16.320068359375
228 17
228 17.3798828125
171 15.800048828125
228 17.080078125
171 16.079833984375
228 17.080078125
171 16.39990234375
228 16.840087890625
228 17.080078125
171 16.06005859375
228 17.139892578125
171 16.080078125
228 17.159912109375
171 16.219970703125
228 17.10009765625
171 16.02001953125
171 17.099853515625
228 17.10009765625
171 16.179931640625
228 17.260009765625
171 15.97998046875
171 17.02001953125
171 16.080078125
228 17.179931640625
171 17
114 18.60009765625
171 19.52001953125
228 12.35986328125
57 25.47998046875
342 6.66015625
171 16.77978515625
171 17.0400390625
171 16.080078125
171 17.10009765625
114 16.27978515625
57 17.22021484375
171 16.079833984375
285 17.06005859375
228 16.97998046875
228 16.219970703125
228 18.56005859375
228 14.56005859375
228 17.239990234375
228 16.079833984375
228 17.02001953125
228 16.420166015625
228 17.099853515625
171 16.900146484375
228 16.02001953125
228 17.119873046875
228 16.14013671875
228 17.139892578125
171 16.080078125
228 17.0400390625
228 17.079833984375
228 16.340087890625
171 16.099853515625
114 17.16015625
57 17.239990234375
57 82.699951171875
57 17.0400390625
57 16.119873046875
57 17.18017578125
57 199.699951171875
57 16.119873046875
114 17.10009765625
114 17.1201171875
57 16.260009765625
57 17.119873046875
57 33.47998046875
57 33.219970703125
57 15.9599609375
57 33.56005859375
57 33.239990234375
57 33.380126953125
57 33.199951171875
57 17.02001953125
114 16.119873046875
171 17.1201171875
114 17.119873046875
114 16.080078125
171 18.260009765625
114 14.9599609375
114 17.02001953125
114 16.1201171875
114 17.199951171875
114 16.099853515625
114 17.080078125
114 17.239990234375
114 16.1201171875
114 17.119873046875
114 16.14013671875
114 17.199951171875
57 16.179931640625
171 16.880126953125
285 16.079833984375
285 17.1201171875
285 16.419921875
228 16.880126953125
285 17.119873046875
285 16.10009765625
285 17.0400390625
228 16.239990234375
285 17.539794921875
285 15.56005859375
285 17.080078125
228 16.159912109375
285 17.199951171875
285 17.440185546875
228 15.739990234375
285 17.3798828125
228 15.780029296875
285 17.9599609375
228 15.300048828125
285 17.360107421875
285 16.83984375
228 16.0400390625
285 17.89990234375
228 15.300048828125
228 17.16015625
285 16.419921875
228 16.89990234375
228 16
285 17.1201171875
228 17.099853515625
228 16.16015625
285 17.06005859375
228 16.039794921875
228 17.260009765625
228 16.10009765625
285 17.639892578125
228 17.300048828125
228 15.320068359375
228 17.139892578125
228 16.02001953125
228 17.16015625
228 16.099853515625
114 17.239990234375
114 33.260009765625
114 16.14013671875
171 16.919921875
228 17.080078125
171 16.780029296875
171 16.519775390625
171 16.5
228 16.960205078125
171 16
171 17.099853515625
171 16.68017578125
228 16.679931640625
171 16.0400390625
171 17.260009765625
171 15.89990234375
171 17.159912109375
228 17.080078125
171 18.1201171875
171 15.239990234375
171 16.199951171875
171 17
114 16.619873046875
171 18.0400390625
228 14.760009765625
285 18.820068359375
228 15.219970703125
228 16.639892578125
285 16.5400390625
228 16.10009765625
228 17.419921875
285 15.93994140625
228 16.97998046875
285 17.1201171875
228 16.080078125
228 17.0400390625
228 16.139892578125
228 17.10009765625
228 16.260009765625
228 17.5
285 16.099853515625
171 16.840087890625
285 17.93994140625
228 15.300048828125
228 17.119873046875
228 16.239990234375
228 16.820068359375
228 18.280029296875
228 15.159912109375
228 16
228 17.5
171 15.66015625
57 17.280029296875
-57 355
-57 15.85986328125
-57 33.260009765625
-57 100.159912109375
-57 133.52001953125
-57 17.080078125
-57 49.340087890625
114 275.7998046875
114 16.5400390625
114 16.820068359375
114 16
171 17.280029296875
114 16.840087890625
114 16.079833984375
171 19.699951171875
114 14.5
114 16.320068359375
114 15.93994140625
114 17.14013671875
114 20.679931640625
114 12.360107421875
114 17.33984375
114 16.10009765625
114 17.02001953125
114 16.159912109375
171 17.06005859375
228 17.139892578125
285 16.22021484375
285 17.059814453125
228 16.080078125
285 17.10009765625
285 16.559814453125
228 16.64013671875
285 16.679931640625
228 16.699951171875
285 15.9599609375
228 17.360107421875
285 16.780029296875
285 16.93994140625
228 15.739990234375
228 17
285 17.199951171875
228 16.14013671875
285 16.97998046875
228 16.080078125
285 17.639892578125
228 15.860107421875
228 16.7998046875
228 16.239990234375
285 17.16015625
228 16.159912109375
228 16.97998046875
228 17.219970703125
285 16.5
228 16.080078125
171 17.0400390625
57 16.320068359375
171 17
228 17.019775390625
228 16.420166015625
228 16.800048828125
228 16.039794921875
228 17.260009765625
228 16.239990234375
228 17.47998046875
171 15.480224609375
228 17.35986328125
228 17.719970703125
228 15.320068359375
228 17.199951171875
228 16
228 17.1201171875
171 16.33984375
228 16.9599609375
228 16.240234375
228 19.099853515625
228 15.340087890625
171 15.8798828125
228 17.300048828125
171 16
228 17.02001953125
171 16.179931640625
228 17.1201171875
228 16.199951171875
171 17.02001953125
228 17.89990234375
171 15.300048828125
228 18.580078125
171 15.0400390625
228 17.89990234375
171 15.179931640625
228 16.760009765625
171 16.1201171875
171 16.97998046875
228 17.139892578125
171 16.199951171875
171 17.0400390625
228 16.340087890625
57 16.919921875
57 149.880126953125
57 16.800048828125
114 16.33984375
114 17.0400390625
171 16.159912109375
171 19.340087890625
114 13.800048828125
171 17.52001953125
114 15.800048828125
171 17.199951171875
114 15.93994140625
171 17.43994140625
114 17
114 16.199951171875
171 17.10009765625
114 16.139892578125
171 17.940185546875
114 15.139892578125
114 17.16015625
171 16
114 17.219970703125
114 16.159912109375
114 17.139892578125
57 17.16015625
114 82.919921875
171 16.1201171875
171 17.039794921875
171 18.0400390625
171 15.400146484375
171 17.02001953125
114 15.919921875
171 17.10009765625
171 16.079833984375
171 17.300048828125
171 16.0400390625
171 18.239990234375
114 15.9599609375
171 16.0400390625
171 17.320068359375
114 16.199951171875
171 16.919921875
171 16.0400390625
171 17.239990234375
114 16.159912109375
171 16.97998046875
171 18.10009765625
114 15.260009765625
171 17.0400390625
114 16.099853515625
171 17.02001953125
114 16.2001953125
114 17.119873046875
57 149.780029296875
57 17.080078125
171 16.119873046875
171 17.080078125
171 16.300048828125
171 16.85986328125
171 16.300048828125
171 17.1201171875
171 16.019775390625
171 17.2001953125
171 17.059814453125
171 16.760009765625
114 16.47998046875
171 16.240234375
171 16.919921875
171 16.199951171875
171 17.52001953125
114 15.760009765625
171 17.06005859375
171 17.079833984375
171 16.239990234375
114 16.940185546875
171 16.119873046875
171 17.360107421875
114 15.9599609375
171 17.0400390625
114 16.159912109375
171 17.219970703125
114 16.14013671875
57 33.219970703125
114 17.06005859375
171 17.059814453125
171 16.14013671875
171 17.179931640625
171 16.0400390625
114 17.280029296875
171 16.0400390625
171 17.219970703125
171 16.119873046875
114 17.0400390625
171 17.0400390625
171 16.159912109375
114 17.10009765625
171 16.080078125
114 17.35986328125
171 15.860107421875
171 17.97998046875
114 15.619873046875
171 17.02001953125
114 16.1201171875
114 17.139892578125
171 16.10009765625
228 18.35986328125
171 15
228 16.97998046875
228 17.06005859375
228 16.219970703125
171 17.199951171875
228 16
228 17.1201171875
171 16.139892578125
228 17.02001953125
171 16.219970703125
228 17.1201171875
228 17.119873046875
171 16.16015625
228 17.139892578125
171 16.080078125
228 17.260009765625
171 15.89990234375
171 17.080078125
228 16.260009765625
171 17.179931640625
171 16.16015625
228 16.93994140625
171 17.099853515625
228 16.68017578125
171 16.739990234375
57 16.159912109375
57 149.93994140625
114 18.880126953125
114 14.3798828125
171 17.14013671875
171 16.0400390625
171 17.159912109375
171 17.360107421875
171 15.89990234375
114 16.239990234375
171 16.97998046875
171 16.219970703125
114 17.199951171875
171 16.940185546875
171 16.35986328125
114 17.199951171875
171 15.920166015625
171 17.199951171875
114 16.159912109375
171 16.9599609375
114 16.400146484375
171 16.919921875
114 16.659912109375
171 16.64013671875
171 16.139892578125
57 17
228 17.260009765625
228 16
228 17.0400390625
228 16.10009765625
285 17.419921875
171 16.199951171875
285 16.860107421875
228 16.099853515625
228 17.18017578125
228 16.800048828125
228 16.5
228 16.9599609375
228 16.159912109375
228 17.0400390625
228 16.119873046875
228 17.080078125
228 16.14013671875
228 17.119873046875
228 17.780029296875
228 15.4599609375
171 17.320068359375
228 15.93994140625
57 17.179931640625
171 16.5
228 16.940185546875
171 16.239990234375
228 16.8798828125
171 16.360107421875
228 16.97998046875
171 16.079833984375
228 17.080078125
171 16.1201171875
171 17.139892578125
228 16.219970703125
171 16.9599609375
171 17.10009765625
171 16.43994140625
228 16.97998046875
171 16.14013671875
171 17.219970703125
171 16.159912109375
228 17.06005859375
171 16.199951171875
171 16.9599609375
171 16.10009765625
171 17.119873046875
171 17.10009765625
171 16.080078125
171 17.219970703125
171 16.260009765625
171 17
57 16.139892578125
171 17.02001953125
171 16.260009765625
228 17.06005859375
228 16.02001953125
228 17.280029296875
171 17.039794921875
228 16.06005859375
228 17.52001953125
171 15.919921875
228 16.900146484375
171 16.179931640625
228 17.10009765625
171 16.06005859375
228 17.179931640625
171 16.079833984375
228 17.22021484375
171 17.659912109375
228 15.43994140625
171 17.02001953125
228 16.400146484375
171 16.9599609375
171 16.059814453125
228 17.06005859375
171 17.1201171875
171 16.159912109375
228 17.1201171875
171 16.199951171875
171 17.119873046875
171 16.14013671875
114 17.159912109375
57 16.080078125
57 184.179931640625
114 16.280029296875
171 16.9599609375
171 16.14013671875
228 17.039794921875
171 16.739990234375
228 16.5400390625
171 16.14013671875
228 17.099853515625
171 16.2001953125
228 17
171 16.139892578125
171 17.0400390625
228 17.06005859375
171 16.239990234375
171 17.179931640625
171 16.239990234375
228 17.159912109375
171 15.920166015625
171 17.159912109375
171 16.119873046875
228 17.920166015625
114 15.320068359375
228 17.079833984375
285 17.360107421875
171 15.85986328125
285 17.14013671875
228 16.179931640625
228 17.43994140625
228 15.780029296875
285 17
228 16.179931640625
228 17.080078125
228 17.14013671875
228 16.059814453125
228 17.56005859375
285 16.419921875
228 16.72021484375
228 16.119873046875
171 16.9599609375
228 15.93994140625
228 17.0400390625
228 16.219970703125
114 17.460205078125
228 16.47998046875
228 16.5
228 17.280029296875
171 16.019775390625
285 17.06005859375
228 16.0400390625
228 17.080078125
228 16.079833984375
228 17.18017578125
228 17.02001953125
228 16.159912109375
228 17.39990234375
228 15.800048828125
228 17.380126953125
171 15.83984375
228 17.199951171875
228 16.10009765625
228 17.080078125
228 19.599853515625
-57 247.219970703125
-114 16.880126953125
-57 16.280029296875
-57 17.239990234375
-57 15.97998046875
-57 66.56005859375
57 133.579833984375
57 33.380126953125
114 18.699951171875
57 14.5400390625
114 17
114 16.0400390625
57 18
114 15.52001953125
114 17.159912109375
57 16.320068359375
114 16.93994140625
114 16.239990234375
57 17.06005859375
114 16.0400390625
57 17.219970703125
114 16.119873046875
57 17.18017578125
114 17.099853515625
57 16.0400390625
57 17.360107421875
228 17.059814453125
228 16.10009765625
171 16.0400390625
228 18.56005859375
228 14.81982421875
171 17.10009765625
228 16.179931640625
228 16.900146484375
171 16.079833984375
228 17.1201171875
228 17.0400390625
171 16.079833984375
171 17.199951171875
228 16.18017578125
228 17.139892578125
171 16.10009765625
228 16.9599609375
114 17.219970703125
114 16.1201171875
171 16.97998046875
285 16.139892578125
228 17.199951171875
285 17.760009765625
228 15.380126953125
285 17.139892578125
228 16.14013671875
228 16.9599609375
228 16.219970703125
285 17.52001953125
228 15.699951171875
228 16.9599609375
228 16.06005859375
228 17.080078125
228 17.219970703125
285 17.81982421875
228 15.440185546875
228 16.079833984375
228 17.02001953125
114 16.219970703125
285 17.16015625
228 17.239990234375
285 16.139892578125
228 16.260009765625
228 17.60009765625
228 16.079833984375
285 18.14013671875
228 14.719970703125
228 19.06005859375
228 14.35986328125
285 17.0400390625
228 16.199951171875
228 17
228 17.239990234375
228 16
228 17.18017578125
228 16.139892578125
228 17.080078125
228 16.300048828125
228 16.97998046875
228 16.059814453125
228 17.16015625
228 17.43994140625
228 15.780029296875
228 17.199951171875
228 16.080078125
228 17.119873046875
171 16.14013671875
228 17
228 16.43994140625
228 18.300048828125
171 14.679931640625
228 17.080078125
228 17.079833984375
228 16.580078125
228 19.43994140625
171 13.60009765625
228 17.10009765625
171 16.02001953125
228 17.159912109375
171 16.02001953125
228 17.260009765625
171 16.85986328125
228 16.260009765625
228 16.420166015625
171 16.83984375
228 17.239990234375
171 15.9599609375
171 17.16015625
228 18.56005859375
171 14.699951171875
228 16.219970703125
171 16.85986328125
171 16.14013671875
228 17.56005859375
171 16.760009765625
171 16.099853515625
171 16.97998046875
57 16.360107421875
171 16.8798828125
171 18.5400390625
228 14.780029296875
171 16.679931640625
228 16.10009765625
228 17.239990234375
171 15.97998046875
228 17.10009765625
228 18.219970703125
171 14.919921875
228 17.239990234375
171 16.02001953125
171 17.159912109375
228 16.080078125
171 17.10009765625
228 19.02001953125
171 14.33984375
171 17.66015625
228 15.679931640625
171 16.139892578125
171 17.260009765625
228 17.06005859375
171 16.02001953125
171 17.119873046875
171 16.280029296875
171 17.219970703125
228 16.840087890625
171 16.280029296875
171 16.10009765625
171 17.139892578125
171 16.080078125
228 17.35986328125
171 17.260009765625
171 15.820068359375
171 16.9599609375
171 16.380126953125
171 17.039794921875
171 16
171 17.1201171875
171 16.3798828125
114 17.52001953125
171 15.800048828125
171 17.380126953125
171 15.919921875
171 17.199951171875
171 16.0400390625
171 17.02001953125
171 16.159912109375
114 17.0400390625
171 17.1201171875
171 16.079833984375
171 19.080078125
114 14.280029296875
171 17.119873046875
57 16.239990234375
57 17.02001953125
-57 116.02001953125
-57 17.06005859375
-57 16.320068359375
-57 50.33984375
-57 242.06005859375
-57 17.16015625
-57 16.019775390625
-57 33.239990234375
-57 50.52001953125
-57 116.5
57 183.68017578125
-57 132.699951171875
57 117.39990234375
57 16.340087890625
57 16.800048828125
57 16.239990234375
57 33.300048828125
57 17.099853515625
57 17.0400390625
57 33.4599609375
57 16.1201171875
57 33.159912109375
57 17.260009765625
57 33.260009765625
57 33.10009765625
114 16.139892578125
171 18.419921875
285 14.97998046875
285 16.920166015625
285 17.239990234375
228 16.02001953125
228 17.079833984375
285 16.239990234375
228 17
228 16.14013671875
285 17.080078125
228 16.039794921875
285 17.5400390625
228 16.820068359375
228 16.10009765625
228 17.139892578125
228 16.239990234375
285 17.280029296875
228 15.760009765625
228 17.080078125
228 16.079833984375
228 17.16015625
228 17.35986328125
285 15.93994140625
228 17.06005859375
228 17.64013671875
228 15.559814453125
228 16.18017578125
228 17.119873046875
228 16.0400390625
228 17.219970703125
228 17.06005859375
228 16.320068359375
228 16.93994140625
171 16.239990234375
228 17.56005859375
228 15.559814453125
228 17.300048828125
57 16.219970703125
228 16.880126953125
228 16.239990234375
228 17.0400390625
228 16.239990234375
228 17.39990234375
285 16.97998046875
228 16.52001953125
228 18.260009765625
171 14.719970703125
228 16.719970703125
228 18.400146484375
228 14.239990234375
228 17.119873046875
228 17.02001953125
228 16.10009765625
228 17.260009765625
228 16.139892578125
228 17.16015625
228 16.2998046875
171 16.820068359375
228 16.1201171875
228 17.039794921875
228 17.380126953125
171 15.85986328125
228 17.260009765625
228 16
171 17.10009765625
228 16.10009765625
171 17.31982421875
228 15.920166015625
228 17.099853515625
171 16.14013671875
228 17.099853515625
171 17.080078125
228 16.8798828125
171 16.5400390625
228 16.219970703125
171 16.900146484375
228 16.760009765625
171 16.619873046875
171 15.920166015625
171 17.139892578125
171 16.280029296875
57 17.300048828125
57 66.85986328125
57 16.14013671875
171 17.159912109375
171 15.97998046875
171 17.02001953125
171 16.14013671875
171 17.079833984375
171 17.239990234375
171 16.02001953125
171 17.840087890625
228 15.820068359375
171 16.97998046875
114 16.179931640625
228 17.0400390625
114 16.079833984375
171 17.22021484375
171 16
171 17.139892578125
171 16
171 17.320068359375
171 16.93994140625
171 16.280029296875
171 18.800048828125
114 14.260009765625
171 17.119873046875
171 16.06005859375
171 17.419921875
114 15.800048828125
171 17.0400390625
171 17.139892578125
171 18.280029296875
114 14.919921875
171 17.52001953125
114 15.719970703125
171 16.080078125
171 17.300048828125
114 16.139892578125
171 17.02001953125
114 17.10009765625
171 16.320068359375
114 16.919921875
171 16.10009765625
114 17.219970703125
57 16.199951171875
228 18.89990234375
228 14.219970703125
228 17.02001953125
228 16.06005859375
285 17.219970703125
228 17.0400390625
228 16.179931640625
228 17.16015625
228 16.059814453125
228 17.02001953125
228 16.1201171875
228 17.099853515625
228 16.260009765625
228 16.980224609375
285 17.419921875
171 15.89990234375
228 17.18017578125
228 15.9599609375
228 17.260009765625
228 16.119873046875
228 16.97998046875
228 16.080078125
228 18.800048828125
228 15.719970703125
171 16.080078125
228 16.9599609375
228 16.2998046875
171 17.14013671875
114 16.139892578125
-57 216.920166015625
-57 33.139892578125
-57 33.320068359375
-57 33.820068359375
-57 49.599853515625
-57 183.340087890625
57 100.820068359375
-57 132.579833984375
-57 50.400146484375
57 276.8798828125
57 17.179931640625
57 16.06005859375
57 33.5
114 249.760009765625
114 17.239990234375
114 16.179931640625
114 17.1201171875
114 16.0400390625
57 17
114 16.079833984375
57 17.16015625
114 16.159912109375
57 17.260009765625
114 17.14013671875
57 16.099853515625
114 16.919921875
57 16.1201171875
114 17.1201171875
57 16.31982421875
114 19
57 14.16015625
171 18
285 16.4599609375
228 15.81982421875
228 17.2001953125
228 16.099853515625
285 18.900146484375
171 14.33984375
228 17
285 18.10009765625
228 15.06005859375
228 16.159912109375
228 17.0400390625
228 17.080078125
228 16.139892578125
228 17.139892578125
228 16.340087890625
228 17.080078125
171 16.639892578125
228 16.5
228 16.080078125
228 17.080078125
228 17.33984375
228 16
228 17.080078125
171 16.0400390625
228 17.159912109375
228 16.340087890625
171 17.419921875
228 15.6201171875
228 17.47998046875
228 16.659912109375
171 16.219970703125
228 16.97998046875
171 16.1201171875
228 17.300048828125
171 16.3798828125
114 16.820068359375
171 16.199951171875
171 16.9599609375
228 16.1201171875
171 17.239990234375
228 17.559814453125
171 15.68017578125
171 17.199951171875
228 15.89990234375
171 17.14013671875
171 16.0400390625
228 17.139892578125
171 16.080078125
171 17.099853515625
228 17.280029296875
114 16.1201171875
228 16.9599609375
171 16.199951171875
171 16.97998046875
171 16.360107421875
171 17.0400390625
228 18.3798828125
228 14.760009765625
285 17.93994140625
228 15.320068359375
285 17.300048828125
228 15.780029296875
228 17.579833984375
285 15.719970703125
285 17.5400390625
228 17.5
228 15.300048828125
228 16.260009765625
285 17
228 17.260009765625
228 16.02001953125
285 17.139892578125
228 16.080078125
114 17.06005859375
228 16.219970703125
285 17.02001953125
228 16.099853515625
228 17.860107421875
285 16.419921875
228 16
228 17.1201171875
228 16.079833984375
228 17.380126953125
228 15.89990234375
228 17.1201171875
285 17.179931640625
171 16.16015625
285 17
228 16.619873046875
171 15.919921875
228 17.14013671875
285 17.179931640625
171 16.1201171875
228 17.559814453125
228 15.56005859375
228 17.159912109375
228 16.16015625
228 17.0400390625
228 16.159912109375
171 17.02001953125
228 17.260009765625
228 16.159912109375
228 16.940185546875
171 16.599853515625
228 16.6201171875
228 16.199951171875
171 17.179931640625
228 16.080078125
228 18.52001953125
171 14.639892578125
228 17.0400390625
228 17.080078125
171 16.079833984375
228 18.940185546875
171 14.4599609375
228 17.33984375
171 15.780029296875
228 17.14013671875
171 16.179931640625
171 16.97998046875
228 17.159912109375
171 16.080078125
228 17.5
171 15.760009765625
171 17.080078125
-57 116.699951171875
-57 50.300048828125
57 199.43994140625
57 33.340087890625
57 17.159912109375
57 16.219970703125
114 17.179931640625
57 33.10009765625
57 66.60009765625
57 100.139892578125
57 150.199951171875
114 15.900146484375
171 17.239990234375
171 16.0400390625
114 17.179931640625
171 16.0400390625
171 17.31982421875
114 15.960205078125
171 17.159912109375
114 17.06005859375
171 16.179931640625
114 17.0400390625
114 16.33984375
171 17.1201171875
114 15.97998046875
171 17.199951171875
114 16.080078125
171 17.219970703125
114 16.080078125
171 17.419921875
114 15.780029296875
114 17.099853515625
285 17.240234375
228 16.139892578125
228 19.159912109375
228 14
228 17
228 16.1201171875
228 17.099853515625
228 16.14013671875
228 17.06005859375
228 17.119873046875
228 16.080078125
228 17.260009765625
228 16.02001953125
228 17.219970703125
228 15.93994140625
228 17.1201171875
228 16.239990234375
228 17.119873046875
228 17.14013671875
171 16.199951171875
228 17.079833984375
228 16.18017578125
228 17.079833984375
228 16.0400390625
171 17.360107421875
228 16.83984375
228 16.14013671875
171 16.199951171875
228 17.0400390625
114 17.119873046875
228 16.340087890625
285 17.219970703125
285 15.840087890625
285 17.119873046875
285 16.080078125
285 17.159912109375
285 17.14013671875
285 16.02001953125
228 16.159912109375
285 17.239990234375
285 16.06005859375
285 17.239990234375
285 16.93994140625
228 16.16015625
285 17.039794921875
285 16.280029296875
228 16.9599609375
285 16.080078125
285 17.400146484375
285 17.33984375
228 15.679931640625
285 17.320068359375
228 15.800048828125
285 17.47998046875
228 15.840087890625
285 17.02001953125
228 16.219970703125
228 17.639892578125
171 15.5400390625
228 17.179931640625
228 17.10009765625
228 16.02001953125
228 17.260009765625
228 16.02001953125
228 17.219970703125
228 16.39990234375
228 17.320068359375
228 15.780029296875
228 17.219970703125
228 16.119873046875
228 17.18017578125
228 16.179931640625
228 16.9599609375
228 16.280029296875
228 18.179931640625
228 15.960205078125
171 16.059814453125
228 17.18017578125
228 16.099853515625
228 17.340087890625
171 15.8798828125
228 17.800048828125
228 15.6201171875
342 19.260009765625
228 13.83984375
342 17.43994140625
285 18.280029296875
228 14.239990234375
285 17.0400390625
285 17.199951171875
285 16.06005859375
285 17.06005859375
228 16.60009765625
285 17.119873046875
285 16.280029296875
285 16.260009765625
285 17.5400390625
228 15.639892578125
285 17.219970703125
228 16.18017578125
285 16.97998046875
285 16.079833984375
228 17.18017578125
285 17.179931640625
285 16.119873046875
228 17
228 16.080078125
285 17.14013671875
228 16.179931640625
285 17.02001953125
228 16.059814453125
285 17.16015625
228 17.099853515625
228 16.080078125
285 17.14013671875
228 16.079833984375
228 17.0400390625
228 16.10009765625
285 17.119873046875
228 17.320068359375
228 15.93994140625
228 17.1201171875
228 16.099853515625
285 17.1201171875
228 16.139892578125
228 17.219970703125
228 16.1201171875
228 17.139892578125
228 17.18017578125
228 16.099853515625
228 17.14013671875
228 16.079833984375
171 17.02001953125
171 18.420166015625
57 15.099853515625
114 15.97998046875
57 33.320068359375
114 183.820068359375
171 16.780029296875
171 16.539794921875
171 16.02001953125
171 17.18017578125
171 16.059814453125
171 17.440185546875
171 16.099853515625
171 17.0400390625
228 17.43994140625
171 15.97998046875
171 17.360107421875
114 15.93994140625
171 16.9599609375
171 16.16015625
171 17.219970703125
171 16.079833984375
171 17.10009765625
171 16.580078125
171 16.89990234375
114 15.919921875
171 17.280029296875
171 15.940185546875
171 19.43994140625
114 13.820068359375
171 17.179931640625
114 16.9599609375
57 263.719970703125
114 17.159912109375
114 16.22021484375
114 17.219970703125
114 15.919921875
114 17.5
114 15.5
114 17.219970703125
114 17
114 16.02001953125
57 17.300048828125
114 15.9599609375
57 17.159912109375
171 17.02001953125
114 16.14013671875
114 17.099853515625
114 16.10009765625
114 17.0400390625
57 16.239990234375
114 16.93994140625
114 17.219970703125
114 16.0400390625
171 17.10009765625
285 16.079833984375
228 19.10009765625
228 14.56005859375
228 16.9599609375
342 16.02001953125
228 17.179931640625
228 16.10009765625
285 17.099853515625
228 16.1201171875
228 17.239990234375
228 17.0400390625
228 16.239990234375
228 17.280029296875
228 16.179931640625
285 16.780029296875
171 17.4599609375
57 15.820068359375
342 16.02001953125
228 17.159912109375
342 16.159912109375
171 17.10009765625
57 16.89990234375
285 16.5
342 17.06005859375
228 15.679931640625
228 17.280029296875
228 16.9599609375
228 16.02001953125
228 17.14013671875
171 16.0400390625
228 17.119873046875
228 17.739990234375
228 15.5400390625
171 17.0400390625
228 16.06005859375
228 17.139892578125
171 16.080078125
228 17.119873046875
171 16.080078125
228 17.080078125
228 17.099853515625
171 16.1201171875
228 17.099853515625
114 16.18017578125
57 17.159912109375
-57 325.300048828125
-57 33.5400390625
-57 33.579833984375
-57 99.739990234375
57 83.260009765625
57 117.320068359375
57 132.659912109375
57 33.1201171875
57 67.02001953125
57 33.219970703125
57 33.35986328125
57 33.340087890625
57 33.340087890625
57 33.419921875
57 33.239990234375
57 33.239990234375
57 33.1201171875
114 18.539794921875
114 14.72021484375
171 17.119873046875
114 16.219970703125
171 17.1201171875
114 17.93994140625
114 15.340087890625
114 17.199951171875
171 16.02001953125
114 17.079833984375
114 16.18017578125
114 17.139892578125
114 16.1201171875
171 17.419921875
57 16.02001953125
171 16.800048828125
114 16.119873046875
114 17.080078125
114 17.080078125
114 16.119873046875
114 17.340087890625
114 16
114 17.0400390625
114 16.119873046875
57 17.219970703125
57 100.0400390625
114 33.179931640625
171 17.080078125
171 16.06005859375
114 17.33984375
171 16.14013671875
171 17.139892578125
171 16.18017578125
171 17.079833984375
171 16
171 17.10009765625
171 16.820068359375
114 16.43994140625
171 16.0400390625
171 17.059814453125
171 17.2001953125
114 16.239990234375
171 16.93994140625
171 16.219970703125
171 17.340087890625
114 15.9599609375
171 17.119873046875
171 18.16015625
114 14.9599609375
171 17.099853515625
114 16.239990234375
171 17.10009765625
171 16.10009765625
114 17.33984375
114 15.940185546875
171 17.119873046875
114 16.260009765625
228 18.679931640625
228 14.340087890625
228 17.580078125
285 16.119873046875
228 17.14013671875
228 16
228 17.35986328125
228 15.9599609375
285 17.340087890625
228 15.760009765625
228 17.139892578125
228 17.10009765625
228 16.0400390625
228 17.219970703125
228 16.5400390625
228 16.800048828125
285 18.179931640625
171 14.3798828125
228 17.320068359375
228 17.340087890625
228 15.639892578125
228 17.360107421875
171 16.119873046875
57 17.199951171875
57 341.6201171875
57 117.5
57 182.3798828125
57 33.340087890625
57 50.9599609375
57 82.739990234375
57 83.760009765625
57 15.93994140625
57 17.260009765625
57 16.22021484375
57 17.139892578125
57 33.43994140625
57 281.06005859375
57 17.139892578125
57 32.320068359375
57 16.93994140625
57 17.420166015625
114 507.47998046875
171 16.919921875
171 16.219970703125
171 16.97998046875
171 16.080078125
228 17.3798828125
114 16.72021484375
228 16.419921875
171 16.139892578125
171 17.60009765625
171 16.43994140625
171 16.239990234375
171 17.10009765625
171 16.260009765625
171 16.81982421875
171 18.5
171 14.760009765625
114 16.380126953125
171 16.8798828125
114 17.47998046875
171 15.68017578125
228 17.300048828125
171 15.97998046875
228 17.719970703125
228 15.81982421875
228 17.10009765625
171 16.5
228 16.6201171875
228 16
228 17.2998046875
171 16.97998046875
228 18.06005859375
171 15.360107421875
228 16.119873046875
228 17.14013671875
171 15.93994140625
228 18.719970703125
114 15.840087890625
285 15.780029296875
171 16.059814453125
228 17.340087890625
171 17.02001953125
228 16.300048828125
171 16.919921875
171 15.9599609375
228 17.219970703125
171 16.02001953125
171 17.080078125
171 16.840087890625
228 16.5
171 17.039794921875
171 16.2001953125
228 17.039794921875
171 16.16015625
114 17.080078125
114 16.079833984375
285 17.43994140625
228 15.739990234375
285 17.14013671875
228 17.119873046875
285 16.580078125
228 15.93994140625
228 17.66015625
228 15.679931640625
285 16.97998046875
285 17.219970703125
228 17.93994140625
228 15.280029296875
285 18.68017578125
228 14.559814453125
228 16.080078125
228 17.139892578125
228 16.340087890625
285 16.97998046875
228 16.93994140625
228 16.22021484375
228 17.059814453125
228 16.1201171875
285 17.119873046875
171 16.06005859375
285 17.159912109375
228 18.02001953125
228 15.320068359375
171 16.10009765625
285 17.139892578125
171 16.43994140625
285 19.739990234375
228 14.18017578125
171 16.119873046875
228 17.4599609375
228 15.920166015625
228 17.02001953125
228 16.099853515625
228 18.920166015625
228 14.33984375
171 17.080078125
228 17.02001953125
228 16.260009765625
228 17.06005859375
171 16
228 17.31982421875
228 16.360107421875
171 16.739990234375
228 16.219970703125
228 17.179931640625
171 16.920166015625
228 16.27978515625
171 17.080078125
228 16.199951171875
171 16.9599609375
228 16.340087890625
171 16.93994140625
228 15.97998046875
171 17.10009765625
228 16.360107421875
171 17.079833984375
171 17.16015625
228 16.059814453125
171 17.0400390625
228 16.820068359375
171 16.02001953125
171 16.739990234375
228 18.159912109375
171 14.940185546875
171 16.8798828125
171 17.320068359375
171 16.119873046875
171 17.580078125
171 15.47998046875
114 17.179931640625
57 16.360107421875
-57 394.33984375
-57 83.400146484375
57 471.340087890625
57 17.539794921875
57 15.860107421875
57 17.43994140625
57 16.320068359375
57 83.119873046875
57 216.400146484375
57 16.89990234375
171 16.239990234375
171 17.1201171875
114 17.35986328125
171 15.9599609375
171 17.1201171875
171 16.159912109375
171 17.16015625
114 16.35986328125
171 16.800048828125
171 16.179931640625
171 17.260009765625
114 16.06005859375
171 17.179931640625
171 16.900146484375
114 16.219970703125
171 16.06005859375
114 17.2998046875
171 16.940185546875
57 16.179931640625
285 17.219970703125
342 16.239990234375
285 16.840087890625
285 16.280029296875
342 17.079833984375
285 16.280029296875
285 16.820068359375
285 16.119873046875
285 17.1201171875
285 17.119873046875
285 16.2001953125
285 17.02001953125
285 16.179931640625
285 18.06005859375
285 15.119873046875
285 17.14013671875
285 15.97998046875
285 17.159912109375
285 17.159912109375
285 16.10009765625
285 16.97998046875
285 19.52001953125
285 14.8798828125
228 15.10009765625
285 17.02001953125
285 16.199951171875
285 17.10009765625
285 19.9599609375
228 13.179931640625
285 18.66015625
171 14.639892578125
171 17.159912109375
228 16.080078125
228 16.9599609375
228 17.300048828125
285 16.0400390625
228 19.099853515625
228 13.960205078125
228 17.099853515625
228 16.1201171875
285 18.079833984375
228 15.22021484375
228 17.199951171875
228 17.02001953125
228 16.119873046875
228 17.1201171875
228 16.119873046875
228 17.400146484375
228 15.719970703125
228 17.239990234375
228 16.300048828125
228 17.099853515625
228 17
171 16.5
228 17.14013671875
228 15.760009765625
228 17.079833984375
114 15.9599609375
228 17.16015625
228 16.079833984375
285 17.260009765625
228 15.980224609375
285 17.139892578125
228 17.0400390625
228 17.0400390625
285 16.2998046875
228 16.14013671875
228 17.099853515625
285 18.72021484375
228 14.119873046875
228 17.02001953125
228 16.1201171875
228 17.119873046875
285 17.080078125
228 17.47998046875
228 15.780029296875
228 16.0400390625
228 17.27978515625
228 16.06005859375
228 17.239990234375
228 16.10009765625
228 17.080078125
228 16
228 17.119873046875
228 17.10009765625
228 16.179931640625
228 17.10009765625
228 16.119873046875
228 17.159912109375
228 16.360107421875
171 16.840087890625
228 16.099853515625
228 17.02001953125
228 17.1201171875
228 17.280029296875
171 15.2998046875
228 16.97998046875
228 17.1201171875
171 16.39990234375
228 16.820068359375
228 18.380126953125
228 15.4599609375
171 15.9599609375
228 17
171 16.219970703125
228 17.219970703125
171 16.179931640625
228 16.860107421875
171 16.119873046875
171 17.260009765625
114 16.06005859375
228 17.080078125
285 16.080078125
285 17.079833984375
285 17.10009765625
285 18.260009765625
285 15.33984375
228 16.080078125
285 16.9599609375
285 16.280029296875
228 17.260009765625
285 16
285 16.97998046875
228 16.179931640625
285 17.980224609375
228 15.31982421875
285 17.340087890625
228 16.02001953125
285 17.300048828125
228 15.97998046875
285 17.059814453125
228 17.080078125
285 16.1201171875
228 17
228 16.35986328125
285 16.920166015625
228 16.059814453125
285 17.699951171875
228 15.60009765625
228 17.14013671875
285 17.9599609375
228 15.659912109375
228 16.97998046875
228 16.719970703125
285 16.800048828125
228 16.199951171875
228 16.900146484375
228 16
228 17.199951171875
228 15.9599609375
228 17.080078125
228 16.119873046875
228 17.1201171875
228 16.239990234375
228 17.179931640625
228 16.89990234375
228 16.18017578125
228 17.139892578125
228 16.14013671875
228 17.7998046875
228 15.47998046875
228 17.16015625
228 16.780029296875
228 16.719970703125
171 15.8798828125
228 17.0400390625
228 17.97998046875
171 15.260009765625
114 17.02001953125
57 16.080078125
-57 377.739990234375
-57 17.139892578125
-57 66.60009765625
57 348.89990234375
57 16.920166015625
57 16.260009765625
114 16.97998046875
114 16.059814453125
114 17.10009765625
114 16.139892578125
114 17.16015625
114 19.599853515625
57 13.6201171875
114 17.219970703125
114 16.260009765625
114 16.8798828125
114 18.760009765625
57 14.68017578125
114 15.97998046875
114 17.079833984375
114 17.60009765625
57 15.9599609375
114 16.16015625
114 17.119873046875
57 16.320068359375
171 17.099853515625
228 15.900146484375
285 17.300048828125
228 15.89990234375
228 17.159912109375
285 17.16015625
228 16.119873046875
228 17.420166015625
285 15.679931640625
228 17.239990234375
228 16.219970703125
285 17.02001953125
228 16.260009765625
228 16.840087890625
228 17.33984375
285 16.16015625
228 16.8798828125
228 16.159912109375
228 17.16015625
228 15.9599609375
228 17.10009765625
228 16.239990234375
228 17.019775390625
228 17.080078125
228 16.10009765625
228 17.159912109375
228 16.14013671875
228 17.260009765625
228 15.93994140625
228 19.260009765625
228 14.239990234375
171 17.199951171875
228 15.8798828125
228 17.02001953125
228 17.2001953125
114 16.059814453125
285 17.340087890625
228 15.93994140625
285 16.93994140625
285 16.1201171875
285 17.159912109375
285 17.14013671875
285 16.0400390625
285 17.2998046875
228 16.47998046875
285 16.820068359375
285 16.06005859375
285 17.06005859375
285 16.139892578125
228 17.64013671875
285 15.559814453125
285 17.1201171875
228 16.159912109375
285 17.1201171875
285 17.239990234375
228 15.9599609375
285 17.199951171875
228 16.1201171875
285 17.139892578125
228 16.1201171875
285 17.179931640625
228 16.02001953125
285 17.139892578125
228 16.10009765625
285 17.419921875
228 16.10009765625
285 17.85986328125
228 15.380126953125
228 17
285 17.260009765625
228 15.9599609375
228 17.139892578125
228 16.16015625
285 17.099853515625
228 16.18017578125
228 17.119873046875
228 16.14013671875
285 18.97998046875
228 15.179931640625
228 16.10009765625
228 17.119873046875
228 16.659912109375
228 16.7001953125
228 16.099853515625
228 17
228 16.239990234375
228 17.18017578125
228 15.97998046875
228 17.280029296875
228 16.179931640625
228 17.780029296875
228 15.31982421875
228 17.16015625
228 17.179931640625
171 16.06005859375
228 17.079833984375
228 16.280029296875
228 17.06005859375
228 16.1201171875
171 17.47998046875
228 16.239990234375
228 16.81982421875
228 16.02001953125
171 17.0400390625
228 16.18017578125
171 17.079833984375
228 17.0400390625
228 16.10009765625
228 17.179931640625
171 16.080078125
228 17.679931640625
171 15.56005859375
228 17.179931640625
171 16.159912109375
171 18.18017578125
228 16.079833984375
171 16.06005859375
228 17.4599609375
114 17.860107421875
171 15
171 17.919921875
228 14.89990234375
228 17.10009765625
228 17.300048828125
228 16.159912109375
171 15.860107421875
228 17.3798828125
171 17.360107421875
228 17.639892578125
171 15.320068359375
228 16
171 17.159912109375
228 16.080078125
171 17.179931640625
171 16.16015625
228 17.059814453125
171 16.280029296875
228 17.02001953125
171 16.1201171875
171 17.099853515625
228 17.320068359375
171 16.06005859375
114 17.0400390625
228 16.139892578125
228 17.199951171875
228 16.219970703125
228 16.880126953125
228 16
228 17.699951171875
228 15.6201171875
285 17.5
228 17.43994140625
171 15.33984375
228 17.360107421875
228 16.1201171875
228 17.039794921875
228 16.260009765625
228 16.940185546875
171 16.35986328125
285 17.280029296875
171 15.780029296875
228 17.10009765625
228 16.47998046875
228 17.27978515625
171 15.740234375
228 17.139892578125
228 17.219970703125
171 16.080078125
228 17.0400390625
228 16.43994140625
171 16.780029296875
228 16.5
171 16.800048828125
228 16.179931640625
171 16.9599609375
228 16.219970703125
171 17.14013671875
228 17.099853515625
171 16.06005859375
228 17.159912109375
171 16.10009765625
228 19.300048828125
171 13.7998046875
171 17.1201171875
171 16.360107421875
228 17.239990234375
171 15.93994140625
228 17.3798828125
171 16.14013671875
171 16.8798828125
171 17.16015625
228 16.519775390625
171 17.5
171 15.280029296875
171 17.14013671875
171 16.06005859375
171 17.2998046875
171 16.219970703125
171 17.16015625
171 16.219970703125
228 17.080078125
171 16.199951171875
171 17.099853515625
171 16.239990234375
171 16.940185546875
114 16.239990234375
171 18.079833984375
171 15.239990234375
171 17.300048828125
171 15.97998046875
171 17.10009765625
171 16.159912109375
171 17.2001953125
171 17.159912109375
114 16.099853515625
171 17.22021484375
171 16.059814453125
171 17.260009765625
114 16.080078125
171 17.1201171875
171 16.039794921875
114 17.10009765625
114 16.06005859375
57 17.199951171875
-57 235.119873046875
-57 83.739990234375
-57 360.940185546875
57 167.43994140625
57 66.159912109375
57 50.380126953125
57 49.5
57 272.93994140625
57 16.97998046875
57 16.380126953125
57 16.260009765625
57 17.139892578125
57 16.1201171875
57 67.019775390625
57 83.7001953125
57 66.539794921875
57 16.240234375
57 17.259765625
57 16.300048828125
57 17.0400390625
57 32.580078125
57 66.780029296875
57 184.139892578125
57 82.840087890625
57 33.06005859375
57 33.179931640625
57 33.419921875
57 33.4599609375
57 33.239990234375
57 67.0400390625
57 82.64013671875
114 50.4599609375
228 17.300048828125
228 15.83984375
228 17.06005859375
228 16.10009765625
228 17.079833984375
171 16.10009765625
228 17.099853515625
228 17.10009765625
228 16.199951171875
171 17.280029296875
228 15.820068359375
228 17.52001953125
171 15.81982421875
228 17.06005859375
228 16.68017578125
171 16.83984375
228 16.1201171875
171 17.119873046875
228 16.06005859375
171 17.080078125
228 17.119873046875
171 16.260009765625
228 16.919921875
171 16.440185546875
228 16.93994140625
171 15.9599609375
171 17.14013671875
228 16.699951171875
171 16.639892578125
171 16.080078125
228 17.639892578125
171 16.760009765625
171 15.9599609375
171 17.14013671875
171 16.199951171875
228 16.89990234375
171 16.14013671875
171 17.0400390625
171 17.099853515625
228 16.219970703125
342 17.280029296875
285 15.840087890625
342 17.159912109375
228 16.280029296875
342 16.900146484375
228 16.4599609375
342 17.83984375
285 16.06005859375
285 16.080078125
285 17.099853515625
285 18.14013671875
285 15.139892578125
228 16.280029296875
285 17.5400390625
285 15.580078125
285 17.079833984375
285 16.1201171875
285 17.179931640625
285 17.10009765625
228 16.02001953125
285 17.119873046875
285 16.400146484375
228 17
285 15.97998046875
285 17.059814453125
228 16.22021484375
285 16.97998046875
285 18.199951171875
228 14.97998046875
285 18.080078125
285 16
228 17.119873046875
285 16.080078125
228 16.760009765625
228 16.599853515625
285 15.780029296875
228 17.199951171875
285 17.080078125
228 16.080078125
285 17.33984375
228 16.10009765625
228 16.93994140625
228 16.14013671875
285 17.079833984375
228 16.18017578125
228 17.419921875
285 16.360107421875
228 16.719970703125
228 16.8798828125
228 16.360107421875
228 18.06005859375
228 15.31982421875
285 17
171 16.1201171875
171 17.35986328125
57 16.14013671875
-57 133.39990234375
-57 33.239990234375
-57 66.900146484375
-57 116.059814453125
-114 17.60009765625
-57 15.820068359375
-114 17.139892578125
-57 16.10009765625
-57 50.3798828125
-114 150.699951171875
-114 15.580078125
-171 17.14013671875
-114 16.059814453125
-171 17.280029296875
-114 16.4599609375
-171 16.920166015625
-171 16.2998046875
-114 17
-114 16.14013671875
-171 17.099853515625
-171 17.300048828125
-114 15.840087890625
-114 17.159912109375
-171 16.380126953125
-114 17.02001953125
-114 16.119873046875
-171 16.9599609375
-114 16.1201171875
-114 17.179931640625
-114 16.199951171875
-171 17.460205078125
-57 149.97998046875
57 232.7998046875
57 33.440185546875
57 17
57 33.2998046875
57 376.840087890625
57 50.4599609375
57 33.340087890625
57 49.3798828125
57 166.820068359375
57 17.300048828125
114 15.9599609375
114 17.139892578125
171 16.320068359375
114 17.16015625
171 15.97998046875
114 17.079833984375
171 17.320068359375
114 15.860107421875
114 17.119873046875
114 16.1201171875
171 17.219970703125
114 16.02001953125
114 17.139892578125
114 16.179931640625
171 16.97998046875
114 17.2001953125
57 16.119873046875
114 19.16015625
171 14.039794921875
228 17.0400390625
228 16.18017578125
228 17.519775390625
285 16.1201171875
171 17.06005859375
285 16.300048828125
228 17.139892578125
171 15.8798828125
285 17.260009765625
171 16.10009765625
228 17.06005859375
228 16.0400390625
228 17.2998046875
228 17
228 16.06005859375
228 17.340087890625
171 15.83984375
228 17.2001953125
228 16.039794921875
228 17.800048828125
171 15.47998046875
228 17.300048828125
171 17.10009765625
228 16.159912109375
228 17.10009765625
171 18.159912109375
228 15.02001953125
228 16.639892578125
171 16.52001953125
228 16.340087890625
171 16.840087890625
228 16.159912109375
114 17.10009765625
228 17.159912109375
285 16.06005859375
285 17.300048828125
342 15.93994140625
342 17.4599609375
285 15.780029296875
285 17.099853515625
342 16
285 17.080078125
285 17.5
342 15.760009765625
285 17.080078125
285 16.119873046875
342 17.239990234375
285 18.02001953125
285 16.360107421875
285 15.099853515625
285 17.0400390625
285 16.080078125
342 17.840087890625
228 15.759765625
342 17.14013671875
228 16.639892578125
342 16.52001953125
228 16.4599609375
342 17.0400390625
285 16.420166015625
285 17.02001953125
228 15.93994140625
285 17.119873046875
285 16.10009765625
285 17.139892578125
285 17.02001953125
285 17.300048828125
228 16.419921875
285 19.380126953125
285 12.89990234375
228 17.340087890625
285 16.02001953125
285 17.099853515625
285 16.14013671875
114 17.099853515625
285 17.10009765625
228 18.679931640625
285 13.900146484375
285 17.31982421875
228 16.16015625
228 17.43994140625
228 15.679931640625
285 17.10009765625
285 16.300048828125
228 16.93994140625
228 17.080078125
285 16.2998046875
228 16.920166015625
228 16.33984375
285 17.64013671875
171 15.780029296875
285 18.52001953125
228 14.419921875
228 17.159912109375
228 16.0400390625
228 18.14013671875
285 16.179931640625
228 15.97998046875
228 17.159912109375
228 16.14013671875
228 17
114 16.199951171875
228 17.06005859375
285 16.119873046875
228 17.400146484375
285 16.760009765625
228 16.139892578125
285 17.139892578125
228 17.840087890625
228 16.280029296875
285 15.179931640625
228 17.64013671875
228 17.83984375
228 14.780029296875
285 17.080078125
228 16.39990234375
228 16.920166015625
228 16.119873046875
228 17.47998046875
228 16
228 17.02001953125
285 16.360107421875
228 16.89990234375
228 16
228 17.52001953125
228 16.719970703125
228 16.199951171875
228 17.1201171875
228 16.0400390625
228 17.159912109375
228 16.300048828125
228 16.85986328125
171 16.080078125
285 17.260009765625
171 17.02001953125
228 16.0400390625
228 17.320068359375
228 15.97998046875
171 16.97998046875
228 16.31982421875
228 17.18017578125
171 16.679931640625
228 16.39990234375
228 17.10009765625
228 16.43994140625
171 16.739990234375
228 16.280029296875
228 17.340087890625
171 15.760009765625
228 17.179931640625
171 16.1201171875
228 17.119873046875
171 18.0400390625
114 15.56005859375
114 16.239990234375
57 17.059814453125
-57 470.400146484375
-57 66.760009765625
-57 467.8798828125
-57 17.14013671875
-57 16.099853515625
-57 16.940185546875
-57 16.559814453125
-57 50.080078125
57 342.5
57 33.52001953125
57 15.860107421875
57 33.559814453125
57 17.02001953125
57 33.47998046875
57 266.719970703125
114 16.10009765625
171 17.0400390625
171 16.320068359375
171 17.099853515625
114 16.14013671875
171 17.159912109375
114 16.0400390625
171 17.099853515625
171 17.22021484375
114 16.139892578125
171 16.9599609375
114 16.14013671875
171 17.2998046875
114 16.02001953125
171 17
114 16.280029296875
171 17.080078125
114 17.0400390625
114 16.079833984375
171 17.0400390625
285 17.340087890625
228 15.260009765625
228 17.8798828125
285 16.47998046875
171 16.460205078125
342 17.619873046875
228 15.47998046875
285 18.659912109375
228 14.760009765625
228 16.860107421875
228 16.080078125
228 17.2998046875
285 16.1201171875
228 17
228 16.06005859375
228 17.02001953125
228 16.199951171875
285 19.080078125
228 15.260009765625
228 15.919921875
228 17.159912109375
228 16.179931640625
228 16.960205078125
228 16.260009765625
228 17.039794921875
228 16.300048828125
228 16.97998046875
228 17.06005859375
228 16.1201171875
228 17.159912109375
228 16.239990234375
228 20.320068359375
171 12.9599609375
228 17.919921875
228 15.320068359375
228 17.340087890625
228 16
228 17.139892578125
171 16
228 17.199951171875
228 16.14013671875
171 17.039794921875
228 17.02001953125
228 18.820068359375
171 14.580078125
228 16.079833984375
171 17.02001953125
171 16.64013671875
114 17.0400390625
57 216.260009765625
57 33.260009765625
114 17.02001953125
171 16.079833984375
171 17.16015625
114 16.260009765625
114 17.159912109375
171 16.06005859375
114 16.9599609375
114 16.159912109375
171 17.419921875
114 16.760009765625
114 16.16015625
171 17.5400390625
114 15.8798828125
114 16.93994140625
114 16.16015625
114 17.159912109375
171 16.360107421875
114 16.919921875
114 16.02001953125
114 17.099853515625
114 17.080078125
114 16.300048828125
114 33.60009765625
114 16.619873046875
228 16.56005859375
171 16.739990234375
114 16.580078125
228 16.77978515625
171 17
171 16.400146484375
171 16.8798828125
228 16.440185546875
171 16.77978515625
114 16
228 17.10009765625
171 16.219970703125
171 16.97998046875
171 16.239990234375
171 17.080078125
171 17.080078125
114 16.33984375
228 17.320068359375
114 15.719970703125
171 17.300048828125
114 16.080078125
228 17.43994140625
171 15.780029296875
171 17.0400390625
171 16.099853515625
171 17.06005859375
171 17.260009765625
171 16.179931640625
171 17.280029296875
171 15.760009765625
171 17.1201171875
171 16.059814453125
171 17.64013671875
171 16.059814453125
171 17.080078125
171 16.06005859375
171 17.0400390625
171 16.159912109375
171 17.340087890625
57 15.97998046875
285 17.159912109375
228 17
228 16.16015625
285 17.219970703125
171 16.139892578125
285 17.080078125
171 16.85986328125
285 16.5
171 15.880126953125
228 17.239990234375
228 16.219970703125
228 17.0400390625
228 16.280029296875
228 17
228 17.33984375
228 16.16015625
171 17.02001953125
228 16.039794921875
228 17.02001953125
228 16.360107421875
171 18.0400390625
228 14.9599609375
114 17.179931640625
228 16.0400390625
285 17.080078125
228 17.139892578125
228 16.0400390625
228 17.199951171875
228 16
285 17.800048828125
171 15.60009765625
285 17.179931640625
171 16.119873046875
285 17.440185546875
171 15.83984375
228 17.5
228 15.900146484375
228 17.099853515625
228 16.02001953125
228 17.18017578125
228 17.059814453125
228 16.16015625
228 17.039794921875
171 16.16015625
228 17.280029296875
228 16.0400390625
228 17.099853515625
228 16.580078125
171 16.780029296875
228 16.179931640625
228 17.239990234375
171 16
228 17.06005859375
171 17.56005859375
57 16.619873046875
285 16.47998046875
57 15.880126953125
285 17.139892578125
342 16
342 33.199951171875
285 17.52001953125
285 16.56005859375
228 16.239990234375
114 17.260009765625
342 15.739990234375
228 17.1201171875
228 16.31982421875
228 19.14013671875
342 30.7998046875
171 18.260009765625
399 15.68017578125
171 16.119873046875
228 17.06005859375
228 16.06005859375
228 17.219970703125
171 16.099853515625
228 17.1201171875
228 17.159912109375
228 16.080078125
171 17.080078125
228 16.02001953125
171 17.780029296875
228 15.659912109375
228 17
171 17.0400390625
228 16.280029296875
171 17.219970703125
228 15.83984375
171 17.1201171875
228 16.219970703125
171 17.9599609375
228 15.260009765625
171 17.1201171875
228 18.5
171 14.659912109375
171 17.340087890625
228 15.7998046875
171 17.320068359375
171 16.080078125
228 17.06005859375
171 16.079833984375
171 17.10009765625
171 16.39990234375
228 16.880126953125
171 17.280029296875
171 16.139892578125
171 17.199951171875
171 15.900146484375
228 17.599853515625
171 15.739990234375
171 17.2001953125
114 16.039794921875
114 17.219970703125
114 16.02001953125
228 19.760009765625
342 13.380126953125
285 17.179931640625
285 17.0400390625
285 16.119873046875
285 17.080078125
285 16.280029296875
228 16.89990234375
285 16.14013671875
285 18
285 16.260009765625
228 16.43994140625
285 16.739990234375
228 16.580078125
285 16.780029296875
285 16.0400390625
285 17.179931640625
228 16
285 17.239990234375
228 16.199951171875
285 17.320068359375
285 19.8798828125
228 13
228 17.06005859375
285 16.139892578125
228 17.06005859375
228 16.14013671875
285 17.179931640625
228 17.119873046875
285 16.239990234375
228 16.940185546875
228 16.280029296875
285 16.9599609375
228 16.119873046875
228 17.219970703125
228 15.920166015625
285 19.760009765625
228 13.81982421875
228 16.840087890625
228 17.219970703125
228 16.080078125
285 17.159912109375
228 18.0400390625
228 15.320068359375
228 16.239990234375
228 16.97998046875
228 16.099853515625
228 18.920166015625
228 16.300048828125
228 15.35986328125
228 16.179931640625
171 17.340087890625
228 16.10009765625
114 16.85986328125
57 16.360107421875
57 17.159912109375
-57 182.840087890625
-57 50.659912109375
-57 49.260009765625
-57 300.260009765625
-57 17.340087890625
-57 16.02001953125
-57 17.039794921875
-57 49.400146484375
-57 167.699951171875
-114 16.02001953125
-114 17.159912109375
-114 16.0400390625
-114 17.179931640625
-114 16.16015625
-57 17.199951171875
-114 16.10009765625
-114 17
-57 16.199951171875
-114 17.02001953125
-114 16.419921875
-57 16.93994140625
-114 17.16015625
-57 16.179931640625
-114 17.119873046875
-57 16.240234375
-114 16.9599609375
-57 16.099853515625
-114 17.280029296875
-57 16
-57 17.1201171875
-57 33.280029296875
-57 33.179931640625
-57 17.280029296875
-57 65.579833984375
57 117.2001953125
114 16.02001953125
114 17.199951171875
114 17.179931640625
57 16.139892578125
114 17.2001953125
57 16.219970703125
114 17.02001953125
57 16.02001953125
57 17.35986328125
114 16.1201171875
57 17.31982421875
57 16.06005859375
114 17.16015625
57 16.199951171875
57 17.099853515625
57 16.219970703125
57 17.22021484375
57 33.27978515625
57 16.360107421875
57 17.080078125
114 16.119873046875
57 17.239990234375
57 49.340087890625
57 116.5400390625
114 100.159912109375
171 16.820068359375
114 16.139892578125
114 17.1201171875
114 16.35986328125
171 16.97998046875
114 17.06005859375
114 16.0400390625
114 17.199951171875
114 16.02001953125
114 17.300048828125
114 15.9599609375
114 17.14013671875
114 16.239990234375
114 17.119873046875
114 17.0400390625
114 16.0400390625
57 17.179931640625
171 16.0400390625
114 17.119873046875
114 16.260009765625
171 16.840087890625
171 16
114 17.10009765625
171 17.079833984375
114 16.080078125
171 17.4599609375
114 15.820068359375
114 17.179931640625
114 17.419921875
171 15.940185546875
114 17.0400390625
114 16.139892578125
171 17.179931640625
114 16.14013671875
114 17.219970703125
114 16.0400390625
171 17.079833984375
171 16.16015625
171 16.93994140625
171 17.219970703125
171 15.9599609375
171 17.06005859375
171 16.4599609375
171 17.380126953125
114 16.31982421875
171 16.380126953125
171 16.300048828125
171 16.89990234375
171 17.139892578125
171 16.0400390625
171 17.10009765625
114 16.099853515625
171 17.10009765625
57 16.10009765625
171 17.139892578125
228 17.080078125
171 16.199951171875
171 17.179931640625
171 15.97998046875
228 17.18017578125
171 16.8798828125
171 16.280029296875
171 16.179931640625
171 17.02001953125
171 16.340087890625
171 17
228 17.159912109375
171 18.300048828125
114 14.89990234375
228 16.06005859375
114 17.340087890625
171 16.739990234375
171 16.760009765625
171 15.97998046875
171 17
114 16.280029296875
228 16.9599609375
228 16.080078125
228 17.119873046875
228 17.199951171875
171 15.97998046875
228 17.16015625
228 16.419921875
171 16.880126953125
228 16.039794921875
171 17.22021484375
228 16.179931640625
228 16.9599609375
171 16.199951171875
228 17.0400390625
171 17.159912109375
228 16.56005859375
171 16.760009765625
171 16.179931640625
228 17.080078125
171 17.06005859375
171 16.739990234375
171 15.739990234375
171 17.139892578125
171 16.719970703125
228 16.66015625
171 16.199951171875
171 17.6201171875
228 15.739990234375
171 17.179931640625
171 16
171 17.639892578125
171 15.880126953125
228 16.760009765625
171 16.119873046875
171 17.68017578125
171 15.699951171875
171 17.059814453125
228 17.1201171875
114 16.199951171875
228 17.10009765625
171 16.3798828125
114 16.780029296875
228 16.10009765625
285 17.02001953125
285 16.260009765625
285 16.9599609375
285 17.239990234375
285 16.06005859375
285 17.099853515625
285 16.43994140625
285 18.06005859375
285 17.16015625
285 15.4599609375
228 15.559814453125
285 17.1201171875
285 16.159912109375
285 17.860107421875
228 15.659912109375
285 17.14013671875
285 16.300048828125
228 16.919921875
285 16.239990234375
228 17.320068359375
285 15.699951171875
285 17.119873046875
228 17.080078125
285 16.219970703125
228 17
285 16.1201171875
228 17.02001953125
285 16.260009765625
228 16.89990234375
285 17.35986328125
228 16
285 17.240234375
228 16.019775390625
228 16.920166015625
228 16.260009765625
285 18.39990234375
228 15.760009765625
228 16.0400390625
285 17.10009765625
228 16.3798828125
228 17
228 16.179931640625
228 17
228 16.280029296875
285 17.10009765625
228 15.919921875
228 17.239990234375
228 16.93994140625
228 16.2001953125
228 16.97998046875
228 16.099853515625
228 17.14013671875
228 16.219970703125
171 17.0400390625
285 17
228 16.419921875
171 16.860107421875
114 16.259765625
57 17.280029296875
57 216.1201171875
114 16.97998046875
171 16.159912109375
171 17.2001953125
114 16.039794921875
171 17.18017578125
171 15.9599609375
171 17.919921875
171 16.719970703125
114 15.840087890625
171 17.219970703125
171 16.5
114 16.60009765625
171 16.27978515625
114 17.0400390625
171 16.1201171875
171 17.39990234375
114 16.06005859375
171 19.06005859375
57 14.43994140625
171 16.8798828125
171 16.68017578125
228 16.33984375
228 16.820068359375
228 17.10009765625
228 16.099853515625
171 17.080078125
228 16.280029296875
228 17.300048828125
171 15.780029296875
228 17.079833984375
171 16.580078125
228 16.719970703125
228 17.080078125
171 16.179931640625
228 17.800048828125
171 15.43994140625
228 17.419921875
171 15.900146484375
171 17.119873046875
228 16.06005859375
171 17.06005859375
114 16.239990234375
171 17
228 16.099853515625
228 17.10009765625
171 17.179931640625
228 16.780029296875
171 16.820068359375
228 15.97998046875
171 17.320068359375
228 15.639892578125
171 17.16015625
228 17.759765625
171 15.400146484375
228 17.139892578125
171 16.080078125
171 17.820068359375
228 17.079833984375
171 15.800048828125
171 16.10009765625
228 16.919921875
171 16.080078125
171 17.219970703125
171 16.260009765625
228 17.159912109375
171 15.880126953125
171 17.159912109375
171 17.199951171875
171 16.14013671875
171 17.159912109375
171 16.159912109375
114 16.980224609375
57 16.139892578125
57 17.139892578125
-57 375.880126953125
-57 16.02001953125
-57 17
-57 33.280029296875
-57 447.059814453125
-57 33.080078125
-57 33.659912109375
-57 17.260009765625
-57 66.420166015625
-57 276.02001953125
-57 33.4599609375
-57 49.56005859375
57 334.33984375
57 16.18017578125
57 16.81982421875
57 16.300048828125
57 17.360107421875
57 16.159912109375
57 17.360107421875
57 15.89990234375
57 17.159912109375
57 16.199951171875
57 17.260009765625
57 16.260009765625
57 16.14013671875
57 17.139892578125
57 16.199951171875
57 16.940185546875
57 33.47998046875
57 16.06005859375
57 17.219970703125
57 16.199951171875
57 17.300048828125
57 15.97998046875
57 17.179931640625
57 16.199951171875
57 17.60009765625
57 15.9599609375
57 17.1201171875
57 16.159912109375
57 17.02001953125
57 16.099853515625
57 17.22021484375
57 16.099853515625
57 17.10009765625
57 17.059814453125
171 33.10009765625
171 16.1201171875
228 17.4599609375
114 16.02001953125
228 16.97998046875
171 16.159912109375
171 16.97998046875
171 17.179931640625
228 16.360107421875
114 16.97998046875
228 16.0400390625
171 16.9599609375
171 16.06005859375
171 17.119873046875
171 16.1201171875
171 17.199951171875
171 17.06005859375
114 16.219970703125
171 17.60009765625
228 15.579833984375
228 17.1201171875
228 16.239990234375
228 17.5400390625
171 15.52001953125
228 17.059814453125
228 17.2001953125
171 16.059814453125
228 17.1201171875
171 16.159912109375
228 17.1201171875
228 16.179931640625
171 17.0400390625
228 16.099853515625
171 17.06005859375
228 16.719970703125
171 16.739990234375
228 17.400146484375
114 15.659912109375
171 17.06005859375
228 16.340087890625
285 17.079833984375
228 17.97998046875
285 15.02001953125
285 17.16015625
228 16.059814453125
228 17.5
285 15.68017578125
228 17.159912109375
285 16.5400390625
228 16.619873046875
228 16.18017578125
285 17.2998046875
228 16.840087890625
228 16.06005859375
228 17.079833984375
285 16.2001953125
228 17
228 16.079833984375
228 17.239990234375
228 17.380126953125
228 16.02001953125
114 17.0400390625
171 16.260009765625
228 16.89990234375
171 16.199951171875
228 17.080078125
114 16.47998046875
228 16.60009765625
171 16.139892578125
228 17.239990234375
171 16.97998046875
171 16.239990234375
171 17.080078125
171 16.179931640625
228 17.239990234375
171 17.64013671875
171 15.3798828125
171 16.080078125
171 17.300048828125
171 17.019775390625
171 16.02001953125
171 17.1201171875
171 16.280029296875
171 16.9599609375
171 16.340087890625
171 16.97998046875
171 16.02001953125
171 18.2998046875
171 14.900146484375
171 17.0400390625
171 17.3798828125
114 16.280029296875
171 16.800048828125
171 16.159912109375
171 16.97998046875
171 16.18017578125
114 17.159912109375
57 17
57 16.35986328125
171 16.860107421875
228 16
228 17.0400390625
171 16.139892578125
228 17.280029296875
228 16.9599609375
171 15.97998046875
228 17.16015625
171 16.02001953125
228 17.97998046875
171 16.199951171875
171 16.360107421875
228 16.919921875
171 16.260009765625
228 16.93994140625
171 16.159912109375
228 17.440185546875
171 17.239990234375
171 15.699951171875
171 17.159912109375
228 15.93994140625
171 17.14013671875
171 16.139892578125
228 17.280029296875
171 15.820068359375
171 17.119873046875
171 16.14013671875
171 17.219970703125
228 17.360107421875
114 16.2998046875
228 16.840087890625
171 16.080078125
114 17.97998046875
114 15.219970703125
171 17.139892578125
171 16.06005859375
171 17.760009765625
114 15.580078125
171 17.099853515625
171 16.260009765625
114 16.97998046875
171 17.2001953125
171 15.93994140625
171 17.260009765625
114 16.33984375
171 16.880126953125
114 16.260009765625
171 16.8798828125
171 16.400146484375
114 16.83984375
171 16.1201171875
114 17.260009765625
171 16.89990234375
114 16.340087890625
171 17.199951171875
114 15.860107421875
171 18.9599609375
114 14.3798828125
114 17.0400390625
114 15.97998046875
228 17.06005859375
228 17.06005859375
171 16.099853515625
228 17.14013671875
171 16.199951171875
228 17.340087890625
228 16.89990234375
171 16.43994140625
228 16.760009765625
228 16.4599609375
171 16.72021484375
171 16.159912109375
228 17.080078125
171 16.039794921875
228 17.1201171875
171 17.10009765625
171 16.2998046875
228 17.0400390625
171 16.080078125
171 17.219970703125
228 16.0400390625
171 17.0400390625
171 16.219970703125
228 17.06005859375
171 17.079833984375
171 16.080078125
171 17.159912109375
171 16.16015625
171 17.43994140625
228 15.9599609375
171 17.02001953125
171 16.219970703125
171 17.199951171875
171 15.9599609375
171 17.2001953125
171 16.159912109375
171 16.93994140625
171 16.239990234375
171 17.06005859375
171 17.080078125
171 16.199951171875
171 17.5
114 15.659912109375
171 17.260009765625
171 16
171 17.179931640625
171 16.0400390625
114 17.06005859375
171 17.1201171875
171 16.27978515625
171 18.02001953125
114 15.360107421875
171 16.739990234375
114 16.56005859375
171 17.280029296875
114 16.099853515625
171 17.199951171875
114 16.080078125
171 17.179931640625
114 15.940185546875
114 17.219970703125
171 16.079833984375
114 17.2001953125
114 16
57 17.159912109375
57 83.820068359375
57 166.179931640625
114 17.179931640625
114 15.940185546875
114 17.019775390625
57 16.18017578125
114 17.3798828125
114 15.719970703125
114 17.260009765625
114 16.940185546875
57 16.27978515625
114 17.16015625
114 16.02001953125
114 17
57 16.139892578125
114 17.1201171875
57 16.2998046875
114 17.06005859375
114 16.14013671875
57 17.219970703125
57 17.119873046875
114 16.02001953125
171 17.260009765625
171 15.860107421875
171 17.099853515625
171 16.10009765625
171 17.139892578125
171 16.239990234375
171 16.900146484375
171 17.099853515625
171 17.380126953125
171 15.800048828125
114 16.239990234375
171 17.02001953125
171 16.119873046875
171 17.179931640625
171 17
114 16.340087890625
171 17
171 16.0400390625
171 17.239990234375
114 16.080078125
171 17.199951171875
171 18.260009765625
114 15.0400390625
171 16.02001953125
171 17.139892578125
114 16.10009765625
171 17.099853515625
114 17.02001953125
171 16.10009765625
114 17.139892578125
171 16.1201171875
114 17.0400390625
114 16.139892578125
-57 330.239990234375
-57 16.919921875
-57 16.280029296875
-57 17.219970703125
-57 16.2001953125
-57 17.159912109375
-57 66.639892578125
57 470.780029296875
114 17.1201171875
57 16.059814453125
114 17.18017578125
114 16.06005859375
57 17.159912109375
114 16.0400390625
57 17.280029296875
114 17.059814453125
57 16.2001953125
114 18.559814453125
57 14.66015625
57 17.219970703125
114 15.93994140625
57 17.5
57 16.06005859375
114 17
57 16.199951171875
57 17.179931640625
57 15.97998046875
114 17.10009765625
114 16.159912109375
171 17.360107421875
114 16.760009765625
114 16.280029296875
171 16.97998046875
114 16.300048828125
171 17.02001953125
114 16.099853515625
171 17.6201171875
114 17.219970703125
114 15.5400390625
114 16.43994140625
171 16.9599609375
114 16.219970703125
114 16.919921875
171 17.64013671875
114 15.97998046875
57 16.860107421875
114 15.97998046875
114 17.199951171875
171 16.099853515625
171 19.1201171875
114 14.119873046875
171 17
114 17.300048828125
171 15.93994140625
114 17.080078125
114 16.679931640625
171 16
114 17.239990234375
171 16.1201171875
114 17.159912109375
171 16.260009765625
114 16.860107421875
57 17.280029296875
114 33.219970703125
114 16
171 17.199951171875
114 16.159912109375
114 17.1201171875
171 16.02001953125
114 17.159912109375
171 17.739990234375
114 15.6201171875
171 17.320068359375
57 15.81982421875
171 17
114 16.239990234375
171 17.14013671875
114 16.0400390625
114 17.179931640625
114 16.080078125
171 17.699951171875
57 15.5
114 17.099853515625
171 17.219970703125
171 16
171 17.10009765625
171 16.159912109375
171 17.18017578125
171 16.139892578125
171 17.080078125
171 16.02001953125
171 17.179931640625
171 17.139892578125
114 16.16015625
171 17
171 16.079833984375
171 17.340087890625
171 16.580078125
171 16.56005859375
114 16.119873046875
171 17.260009765625
114 15.89990234375
114 17.340087890625
171 17.080078125
114 16.0400390625
171 17.059814453125
171 16.10009765625
171 17.159912109375
114 16.080078125
171 17.139892578125
114 16.2001953125
171 17.159912109375
171 16.0400390625
114 17.119873046875
171 16.18017578125
114 17.119873046875
171 17.10009765625
114 16.33984375
171 17
114 16.080078125
114 17.179931640625
171 16.06005859375
171 17.14013671875
171 16.099853515625
171 17.14013671875
171 16.159912109375
171 17.119873046875
171 16.14013671875
171 17.919921875
228 16.06005859375
114 16.260009765625
171 17.139892578125
228 17.02001953125
114 16
171 17.380126953125
171 15.699951171875
171 17.199951171875
171 16
171 17.14013671875
114 17.099853515625
57 16.10009765625
171 17.0400390625
171 16.199951171875
171 17.0400390625
171 16.280029296875
171 17.199951171875
114 16.06005859375
171 16.93994140625
171 17.260009765625
114 17
171 16.239990234375
171 18.199951171875
114 15.02001953125
171 16.139892578125
171 17.64013671875
114 15.679931640625
171 17.080078125
114 16.079833984375
171 17.06005859375
114 16.199951171875
171 17.02001953125
57 17.7001953125
171 15.679931640625
171 17.0400390625
171 16
171 17.260009765625
171 16
171 17.059814453125
171 17
114 16.47998046875
171 16.18017578125
171 17.02001953125
114 16.33984375
171 17
171 17.080078125
171 16.119873046875
171 17.5400390625
114 15.840087890625
171 16.93994140625
57 16.260009765625
171 18.5
114 14.760009765625
171 17.179931640625
114 16.06005859375
114 17.340087890625
171 16.179931640625
114 17.39990234375
171 15.920166015625
114 17.099853515625
114 16.06005859375
171 17.10009765625
114 16.159912109375
171 17.4599609375
114 16.900146484375
114 16.199951171875
114 17.139892578125
171 16
114 17.2001953125
114 16.039794921875
114 17.1201171875
114 16.159912109375
171 17.16015625
114 15.919921875
114 17.139892578125
114 17.300048828125
57 16.06005859375
57 260.97998046875
-57 100.179931640625
-114 16.840087890625
-171 16.239990234375
-114 17.02001953125
-114 16.47998046875
-171 16.719970703125
-114 16.1201171875
-114 17.199951171875
-171 16.0400390625
-114 17.179931640625
-114 17.119873046875
-114 16.2001953125
-171 17.179931640625
-114 15.93994140625
-114 17.14013671875
-114 16.079833984375
-114 17.10009765625
-114 16.080078125
-114 17.27978515625
-114 16.14013671875
-114 17.159912109375
-114 16.219970703125
-114 17.14013671875
-57 33.260009765625
-57 33.31982421875
-57 390.360107421875
-57 33.139892578125
-57 66.72021484375
114 334.9599609375
57 17.419921875
114 15.9599609375
114 16.9599609375
114 16.10009765625
57 17.239990234375
114 16.239990234375
114 16.97998046875
57 16.360107421875
114 16.85986328125
114 17.06005859375
57 16.300048828125
114 17.179931640625
57 16.219970703125
114 16.97998046875
114 16.66015625
57 16.559814453125
57 16.300048828125
114 18.920166015625
114 14.159912109375
171 17.239990234375
171 16.0400390625
171 17.119873046875
171 16.280029296875
171 17.780029296875
171 16
228 16.919921875
114 15.900146484375
171 17.0400390625
171 17.139892578125
171 16.219970703125
171 17.06005859375
171 16.10009765625
171 17.079833984375
114 16.300048828125
171 16.880126953125
57 16.159912109375
114 17.119873046875
228 17.400146484375
171 15.820068359375
228 17.89990234375
171 15.619873046875
171 15.980224609375
171 17.159912109375
171 17.119873046875
171 16.2001953125
171 17.179931640625
171 15.97998046875
228 17.5
171 16.159912109375
171 17
171 16.16015625
171 17.059814453125
171 17.02001953125
114 16.16015625
114 17.02001953125
114 16.059814453125
171 17.10009765625
171 16.10009765625
171 17.27978515625
228 15.900146484375
171 17.219970703125
171 16.780029296875
171 16.599853515625
171 16.940185546875
171 16.179931640625
171 17.080078125
171 16.119873046875
171 16.920166015625
171 16.2998046875
171 16.97998046875
171 16.06005859375
57 17.179931640625
114 17.080078125
114 16.260009765625
114 16.97998046875
114 16.10009765625
114 17.079833984375
114 16.080078125
114 17.14013671875
114 17.219970703125
114 16.199951171875
114 17.080078125
114 16.199951171875
114 17.079833984375
114 16.16015625
114 17.199951171875
114 16.080078125
57 17.33984375
171 16.02001953125
114 17.14013671875
171 16.02001953125
171 17.239990234375
114 16.099853515625
171 17.320068359375
114 15.780029296875
114 17.47998046875
171 16.780029296875
114 16.33984375
171 16.940185546875
114 16.099853515625
171 19.380126953125
114 14.06005859375
114 17.159912109375
57 16.0400390625
114 16.97998046875
171 16.06005859375
171 17.139892578125
114 17.179931640625
171 16.0400390625
171 17.080078125
114 16.06005859375
171 17.579833984375
114 16.06005859375
171 16.840087890625
114 16.419921875
171 16.860107421875
114 16.059814453125
171 17.1201171875
114 17.219970703125
114 16.0400390625
57 17.260009765625
57 16.83984375
171 16.340087890625
114 16.239990234375
171 16.9599609375
171 16.16015625
114 17.27978515625
171 16.64013671875
114 16.639892578125
171 15.900146484375
114 17.159912109375
171 17.0400390625
114 16.10009765625
171 17.27978515625
114 16.0400390625
114 17.260009765625
171 15.9599609375
57 17.02001953125
114 17.16015625
171 16.7998046875
114 16.2001953125
171 15.9599609375
114 17.639892578125
171 16.780029296875
171 15.97998046875
114 17.14013671875
171 16.239990234375
114 17.099853515625
171 16.10009765625
114 17.099853515625
171 16.1201171875
114 17.06005859375
171 16.079833984375
114 17.16015625
171 18.599853515625
114 14.5400390625
114 17.1201171875
114 16.179931640625
171 17.380126953125
114 16
114 17.259765625
171 15.860107421875
114 17.260009765625
114 16.139892578125
171 17.10009765625
114 16.9599609375
114 16.1201171875
171 17.099853515625
114 16.06005859375
114 17.159912109375
114 16.2001953125
114 17.179931640625
114 16.06005859375
171 17.099853515625
114 17.18017578125
114 16.019775390625
57 17.22021484375
114 16.139892578125
171 17.93994140625
114 15.260009765625
171 17.080078125
114 16.52001953125
171 16.919921875
171 16.280029296875
114 16.760009765625
171 17.080078125
114 16.159912109375
171 17.260009765625
114 16
114 17.47998046875
171 15.679931640625
114 17.360107421875
171 16.0400390625
114 17.119873046875
114 16.199951171875
171 17.1201171875
114 16.1201171875
114 17.239990234375
171 16.31982421875
114 16.719970703125
114 17.18017578125
114 16.099853515625
114 17.14013671875
171 16.5400390625
114 16.679931640625
114 16.260009765625
114 17.02001953125
114 16.139892578125
114 17.14013671875
114 17.199951171875
114 16.219970703125
114 17.080078125
114 16
114 17.2998046875
114 16.10009765625
171 17.159912109375
57 16.06005859375
114 17.179931640625
114 16.16015625
114 17.06005859375
114 16.159912109375
114 17
114 16.179931640625
-57 477.320068359375
-114 17.320068359375
-57 33.239990234375
-57 33.43994140625
-57 49.619873046875
57 342.080078125
114 17.080078125
114 16.159912109375
171 17.0400390625
171 16.419921875
114 16.880126953125
171 16.239990234375
114 17.159912109375
171 15.919921875
114 17.400146484375
171 17.0400390625
114 16.02001953125
171 17.199951171875
114 16.099853515625
171 19.2001953125
114 14.039794921875
114 17.300048828125
171 16.400146484375
114 16.659912109375
114 16.10009765625
114 17.099853515625
171 16.340087890625
171 18.580078125
228 15.539794921875
171 16.14013671875
171 17.02001953125
171 16.079833984375
228 17.2001953125
114 16.099853515625
228 17.0400390625
171 16.199951171875
171 17.14013671875
171 17
171 16.119873046875
171 17.14013671875
171 16.199951171875
171 16.97998046875
171 16.260009765625
57 17.159912109375
114 16.1201171875
228 17.5400390625
114 15.780029296875
228 17.33984375
171 16.14013671875
171 16.919921875
171 16.219970703125
171 17.340087890625
171 15.83984375
171 17.02001953125
171 17.10009765625
171 16.199951171875
114 17.159912109375
171 16.14013671875
171 16.97998046875
171 16.300048828125
57 17.079833984375
171 17.380126953125
114 15.85986328125
171 17.400146484375
171 15.97998046875
171 16.9599609375
114 16
171 17.1201171875
114 16.719970703125
171 16.760009765625
171 16.179931640625
114 16.919921875
171 16.219970703125
171 19.02001953125
114 14.239990234375
171 17.080078125
114 17.10009765625
171 16.079833984375
114 17.06005859375
171 16.159912109375
114 17.10009765625