4 19.824951171875
8 13.969970703125
14 16.030029296875
21 17.010009765625
33 17.6201171875
46 15.074951171875
58 15.639892578125
67 15.840087890625
71 16.514892578125
67 17.155029296875
55 16.300048828125
35 16.6298828125
17 15.97509765625
3 16.909912109375
1 469.175048828125
4 17.41015625
9 16.385009765625
17 13.704833984375
30 19.60009765625
37 13.199951171875
53 17.10009765625
69 16.0498046875
81 16.925048828125
80 16.14013671875
64 16.919921875
39 16.89990234375
15 16.18017578125
1 18.294921875
1 385.25
4 13.419921875
9 16.125
17 16.89501953125
33 16.795166015625
49 19.284912109375
63 13.93994140625
72 17.005126953125
74 15.934814453125
73 17.35009765625
67 18.77001953125
56 13.955078125
41 17.329833984375
25 16.3349609375
12 16.739990234375
4 16.7001953125
1 441.454833984375
4 8.525146484375
9 15.869873046875
17 16.864990234375
28 19.239990234375
40 15.77001953125
51 17.090087890625
69 14.56494140625
76 16.955078125
79 16.080078125
76 18.054931640625
65 14.85986328125
47 16.900146484375
27 17.294921875
10 15.949951171875
1 16.89501953125
1 446.955078125
27 36.090087890625
20 19.90478515625
57 33.070068359375
36 15.35498046875
45 14.489990234375
57 17.205078125
64 15.9599609375
66 16.9150390625
57 17.14501953125
41 16.0048828125
22 16.85498046875
7 17.0751953125
1 379.929931640625
27 39.0400390625
22 13.8349609375
31 19.389892578125
36 14.78515625
46 15.94482421875
52 16.080078125
54 16.860107421875
50 17.099853515625
40 17.28515625
26 15.574951171875
13 17.494873046875
2 15.530029296875
3 901.860107421875
11 17.125
19 13.77001953125
30 16.7900390625
41 17.224853515625
45 17.094970703125
49 15.920166015625
43 16.96484375
32 15.675048828125
19 17.0048828125
7 16.110107421875
1 16.9150390625
1 356.60498046875
4 10.574951171875
9 17.3349609375
14 15.3701171875
22 16.580078125
33 17.08984375
51 16.070068359375
72 16.43505859375
82 18.27001953125
84 15.93994140625
79 15.8798828125
66 16.880126953125
46 16
26 17.02001953125
10 17.2099609375
1 15.994873046875
1 355.630126953125
4 12.885009765625
9 14.994873046875
14 16.47509765625
55 32.89501953125
46 16.655029296875
58 17.514892578125
69 15.820068359375
81 18.169921875
86 16.02001953125
79 15.9150390625
57 17.034912109375
32 15.85498046875
9 18.239990234375
1 346.905029296875
12 18.594970703125
10 17.01513671875
13 16.014892578125
38 32.920166015625
23 18.114990234375
25 15.849853515625
26 17.385009765625
28 15.78515625
29 16.885009765625
26 15.914794921875
24 24.4150390625
19 10.10009765625
13 16.099853515625
8 16.5751953125
4 17.0048828125
1 15.81005859375
1 502.840087890625
4 17.384765625
7 15.385009765625
11 17.4150390625
17 13.900146484375
20 18.369873046875
24 14.625
26 16.320068359375
27 16.89501953125
23 17.1650390625
22 15.704833984375
21 16.580078125
20 17.4599609375
18 18.280029296875
17 14.610107421875
14 17.304931640625
10 15.8349609375
8 16.885009765625
5 17.14990234375
3 15.89501953125
1 17.005126953125
1 17.260009765625
1 134.73486328125
6 17.360107421875
13 15.89501953125
21 16.614990234375
30 13.844970703125
39 20.330078125
45 13.7099609375
46 17.23486328125
41 16.570068359375
30 16.219970703125
19 16.01513671875
8 17.08984375
1 17.010009765625
1 374.030029296875
4 9.260009765625
9 16.820068359375
14 16.099853515625
21 17.885009765625
25 15.190185546875
30 17.18994140625
35 17.014892578125
37 15.844970703125
38 16.2001953125
35 17.994873046875
33 17.0400390625
30 14.800048828125
27 16.89990234375
21 17.275146484375
16 15.889892578125
11 18.1201171875
7 16.014892578125
4 17.014892578125
1 17.30517578125
1 15.050048828125
-2 730.4248046875
-12 19.85498046875
-10 16.4951171875
-13 16.125
-18 17.114990234375
-19 15.780029296875
-23 17.224853515625
-24 15.980224609375
-23 18.199951171875
-21 15.804931640625
-16 15.97509765625
-11 17.1298828125
-7 15.919921875
-1 17
1 1653.375
6 15.425048828125
21 16.489990234375
55 16.155029296875
94 17.675048828125
113 15.1298828125
128 15.60498046875
105 15.695068359375
61 17.10498046875
16 15.920166015625
1 479.494873046875
4 3.614990234375
8 16.669921875
29 33.10009765625
83 32.9599609375
78 16.7451171875
102 17.114990234375
118 15.9150390625
118 18.27490234375
93 15.889892578125
51 16.545166015625
15 15.89990234375
1 468.56005859375
4 14.659912109375
9 16.900146484375
17 16.135009765625
32 17.034912109375
49 16.755126953125
64 15.9248046875
72 16.965087890625
76 17.159912109375
71 17.25
55 15.465087890625
34 18.544921875
15 14.89501953125
1 16.830078125
1 288.7548828125
4 12.60009765625
9 15.760009765625
17 16.10009765625
34 17.119873046875
52 15.9951171875
77 16.0498046875
96 16.885009765625
95 17.155029296875
70 16.715087890625
37 15.974853515625
8 17.0751953125
1 264.244873046875
13 19.22509765625
17 16.1650390625
32 18.074951171875
55 16.06005859375
82 15.794921875
105 17.474853515625
120 17.2001953125
118 15.85498046875
92 16.21484375
51 16.820068359375
14 15.929931640625
1 237.295166015625
4 13.4150390625
13 17.179931640625
30 16.3349609375
56 16.0048828125
86 16.505126953125
97 16.60498046875
98 16.969970703125
95 15.880126953125
86 17.010009765625
66 16.875
42 17.2548828125
20 17.114990234375
6 15.699951171875
1 243.965087890625
4 6.1650390625
8 16.81005859375
11 15.974853515625
16 16.929931640625
21 16.005126953125
29 17
36 17.385009765625
43 15.594970703125
50 18.27001953125
52 15.8349609375
48 15.885009765625
39 17.260009765625
25 16.784912109375
14 17.400146484375
3 15.974853515625
1 784.780029296875
4 15.630126953125
9 16.934814453125
16 14.280029296875
82 34.295166015625
63 15.9150390625
72 17.009765625
77 17.0400390625
72 15.7900390625
55 17.025146484375
34 17.18994140625
14 15.929931640625
1 16.9951171875
1 341.344970703125
4 8.48486328125
8 16.260009765625
11 16.614990234375
38 33.235107421875
29 16.695068359375
36 17.179931640625
43 16.0400390625
50 16.989990234375
55 17.1298828125
57 15.780029296875
56 17.114990234375
47 16.050048828125
35 18.199951171875
20 15.679931640625
9 16.155029296875
1 16.9150390625
1 525.554931640625
4 7.7451171875
8 16.77490234375
10 16.260009765625
13 17.175048828125
16 17.610107421875
17 15.794921875
21 15.985107421875
26 15.98486328125
31 18.300048828125
33 15.780029296875
34 16.175048828125
31 16.919921875
24 16.9599609375
18 16.030029296875
9 18.47509765625
3 16.054931640625
1 15.619873046875
1 201.485107421875
6 18.195068359375
16 15.989990234375
32 13.909912109375
56 19.705078125
83 15.35498046875
110 14.7099609375
121 16.949951171875
100 17.445068359375
77 16.199951171875
57 16.014892578125
30 16.985107421875
10 17.074951171875
1 16.570068359375
1 282.429931640625
4 17.719970703125
8 15.875
11 17.0751953125
16 18.7548828125
21 16.465087890625
29 14.929931640625
36 18.155029296875
39 14.739990234375
41 15.994873046875
36 18.195068359375
29 17.025146484375
18 14.71484375
9 17.125
2 16.89013671875
-2 726.184814453125
-4 7.445068359375
-8 17.094970703125
-10 15.47998046875
-13 16.400146484375
-18 16.989990234375
-19 16.014892578125
-23 17.18994140625
-24 15.880126953125
-23 18.195068359375
-21 15.349853515625
-16 16.530029296875
-11 17.10009765625
-7 15.969970703125
-1 17.044921875
1 146.054931640625
4 4.005126953125
8 17.580078125
11 15.489990234375
16 16.47998046875
22 17.18994140625
28 16.869873046875
36 15.965087890625
40 16.965087890625
40 17.014892578125
37 16.090087890625
28 17
18 16.06494140625
9 17.005126953125
2 16.969970703125
1 411.199951171875
4 5.9599609375
9 15.784912109375
14 16.775146484375
28 15.89990234375
49 16.9951171875
67 17.034912109375
71 16.1201171875
68 16.769775390625
62 16.315185546875
87 34.889892578125
23 16
12 16.39501953125
4 16.76513671875
1 15.849853515625
1 266.4599609375
6 17.0849609375
13 16.090087890625
21 16.989990234375
33 17.14501953125
49 15.794921875
61 17.525146484375
68 17.474853515625
72 14.739990234375
70 16.670166015625
66 18.3349609375
56 15.800048828125
41 15.919921875
26 17.054931640625
13 16.5400390625
4 17.1650390625
1 246.844970703125
28 37.985107421875
22 15.494873046875
33 16.010009765625
52 15.7900390625
75 17.06005859375
99 17.135009765625
104 16.014892578125
95 17.050048828125
79 16.905029296875
57 16.23486328125
33 16.43017578125
16 17.159912109375
5 15.9951171875
1 17.019775390625
1 1194.14013671875
4 6.02490234375
7 16.85498046875
11 15.614990234375
19 16.1201171875
83 33.044921875
74 17.030029296875
85 18.1650390625
86 14.719970703125
81 16.955078125
68 18.125
46 14.744873046875
26 17.260009765625
8 18.005126953125
1 15.0048828125
1 476.965087890625
4 6.46484375
9 16.465087890625
15 18.31005859375
21 16.06005859375
31 15.7998046875
37 15.880126953125
46 17.429931640625
52 16.670166015625
57 17.079833984375
60 15.920166015625
57 17.1298828125
48 15.760009765625
34 17.090087890625
20 15.974853515625
7 18.425048828125
1 16.0048828125
1 381.01513671875
27 35.510009765625
22 16.465087890625
35 18.0048828125
49 14.9150390625
71 16.02001953125
86 17.33984375
86 16.360107421875
69 16.3798828125
41 17.440185546875
12 15.85498046875
1 16.844970703125
1 359.070068359375
4 8.204833984375
9 16.080078125
17 16.56005859375
28 17.21484375
40 16.330078125
51 17.02490234375
72 16.070068359375
92 15.900146484375
98 17.434814453125
90 16.025146484375
78 17.10498046875
58 16.93994140625
36 16.139892578125
19 16.940185546875
6 15.934814453125
1 16.925048828125
1 336.64501953125
4 13.18505859375
9 16.72998046875
17 18.35498046875
32 14.56494140625
50 17.0751953125
66 17.27978515625
70 15.77001953125
66 17.02001953125
60 17.094970703125
49 15.875
36 17.14501953125
22 15.900146484375
12 17.449951171875
5 16.0849609375
1 16.965087890625
1 322.81982421875
4 10.780029296875
9 16.130126953125
17 16.3798828125
82 33.300048828125
66 16.93994140625
74 15.97998046875
66 17.050048828125
49 16.97998046875
26 17.255126953125
6 15.9150390625
1 328.489990234375
4 4.5849609375
9 16.83984375
17 16.51513671875
28 16.5849609375
92 33.965087890625
68 16.0849609375
80 16.050048828125
79 17.0048828125
65 16.800048828125
40 17.73486328125
16 15.5
1 16.215087890625
1 272.405029296875
4 11.159912109375
9 16.485107421875
17 16.344970703125
32 17.139892578125
54 15.920166015625
81 17.10986328125
108 17.195068359375
112 15.719970703125
100 17.025146484375
80 17.14990234375
55 17.199951171875
30 15.820068359375
13 16.89990234375
3 16.300048828125
1 16.77001953125
1 299.844970703125
6 16.3701171875
16 17
28 16.06982421875
94 33.425048828125
71 17.195068359375
79 17.264892578125
80 15.610107421875
76 17.31005859375
64 17.099853515625
46 15.4599609375
26 16.105224609375
12 17.044921875
1 17.0849609375
1 262.360107421875
4 3.8798828125
8 17.205078125
11 15.844970703125
16 17.800048828125
21 15.2998046875
33 17.2001953125
45 16.794921875
56 16.080078125
62 18.014892578125
58 15.945068359375
45 16.885009765625
28 17.14501953125
11 15.554931640625
1 17.610107421875
1 244.52490234375
4 4.199951171875
9 17.205078125
17 15.93994140625
28 18.215087890625
39 15.89501953125
53 16.9248046875
69 16.360107421875
81 15.619873046875
80 17.3251953125
64 16.889892578125
39 15.929931640625
15 17.1201171875
1 16.9599609375
1 249.77490234375
6 16.9501953125
16 15.81982421875
31 18.2001953125
56 15.27490234375
85 16.3798828125
110 17.43505859375
113 17.10009765625
100 15.705078125
81 15.934814453125
55 18.255126953125
30 15.72998046875
12 16.044921875
3 18.425048828125
1 15.610107421875
1 1103.184814453125
4 13.1201171875
7 16.070068359375
11 15.809814453125
50 35.199951171875
51 15.01513671875
76 17.344970703125
86 16.925048828125
90 15.885009765625
91 17.155029296875
86 17.1298828125
70 15.719970703125
46 17.580078125
24 15.679931640625
7 16.77001953125
1 419.070068359375
4 13.77001953125
9 16.8349609375
14 16.239990234375
51 33.14990234375
38 16.905029296875
50 18.150146484375
63 14.7099609375
73 18.349853515625
72 15.780029296875
66 15.830078125
57 17.14990234375
43 17.070068359375
30 15.85498046875
17 17.14501953125
8 17.179931640625
3 15.68017578125
1 17.1298828125
1 257.205078125
4 9.135009765625
9 18.869873046875
17 14.52001953125
33 17.31005859375
55 15.72509765625
82 17
107 16
119 17.179931640625
99 17.405029296875
57 15.530029296875
17 16.9599609375
1 262.1650390625
4 4.73486328125
9 17.47998046875
25 15.43017578125
54 16.260009765625
93 17.02490234375
125 16.10498046875
145 17.52490234375
147 16.030029296875
115 17.0400390625
64 15.929931640625
18 17.155029296875
1 302.130126953125
6 13.989990234375
16 17.43994140625
31 17.14501953125
59 15.840087890625
81 16.119873046875
106 16.8349609375
121 16.7099609375
120 16.440185546875
93 18.385009765625
52 16.2099609375
33 15.284912109375
28 17.06494140625
23 16.210205078125
16 16.97998046875
9 16.974853515625
4 15.93994140625
1 34.115234375
1 150.119873046875
4 15.68994140625
13 17.300048828125
30 15.880126953125
56 18.394775390625
86 15.815185546875
98 17.27001953125
95 15.764892578125
85 16.074951171875
65 18.190185546875
42 15.954833984375
20 15.820068359375
5 18.260009765625
1 199.22998046875
4 16.405029296875
13 16.419921875
30 16.130126953125
57 16.89990234375
92 17.330078125
122 16.079833984375
143 17.3701171875
144 15.804931640625
113 16.320068359375
63 17.31494140625
18 16.044921875
1 290.380126953125
4 9.875
13 16.639892578125
30 18.1201171875
60 17.300048828125
88 14.054931640625
122 16.905029296875
142 17.0048828125
145 16.690185546875
113 15.764892578125
64 17.0400390625
18 17.175048828125
1 262.434814453125
4 4.405029296875
9 15.91015625
17 17.114990234375
32 16.014892578125
54 18.655029296875
87 14.489990234375
126 16.5849609375
147 16.78515625
126 18.14501953125
75 15.0498046875
22 17.025146484375
1 416.514892578125
4 17.739990234375
8 18.635009765625
10 16.050048828125
31 32.8798828125
20 16.860107421875
24 13.9599609375
27 16.844970703125
32 16.094970703125
40 17.89013671875
50 15.89501953125
58 16.949951171875
63 15.965087890625
65 17.06494140625
60 17.219970703125
49 15.889892578125
34 18.35498046875
18 15.97509765625
6 15.699951171875
1 336.43505859375
4 13.544921875
8 18.2900390625
11 15.295166015625
86 32.58984375
101 16.6650390625
127 17.110107421875
140 15.97998046875
144 18.324951171875
128 15.260009765625
105 16.704833984375
80 16.81005859375
46 16.090087890625
16 17
3 18.324951171875
1 361.205078125
4 4.58984375
8 17.89501953125
11 16.18505859375
19 15.985107421875
33 16.6298828125
51 15.840087890625
85 16.969970703125
117 16.2548828125
138 17.89013671875
141 14.81005859375
112 17.144775390625
63 16.985107421875
17 15.945068359375
1 284.824951171875
4 16.014892578125
9 16.920166015625
17 15.764892578125
32 15.965087890625
65 17.18994140625
102 16.755126953125
126 17.429931640625
139 15.75
133 16.39501953125
101 17.079833984375
56 15.89013671875
15 17.0400390625
1 250.824951171875
4 15.619873046875
9 16.989990234375
17 17.215087890625
32 15.68505859375
66 17.074951171875
102 17.280029296875
125 15.669921875
139 17.510009765625
132 15.75
112 16.9599609375
83 16.005126953125
49 17.074951171875
22 16.375
6 17.02490234375
1 16.195068359375
1 577.925048828125
4 5.429931640625
9 16.925048828125
17 17.93994140625
31 14.510009765625
137 35.78515625
105 15.079833984375
119 15.93017578125
119 17.135009765625
92 16.869873046875
52 16.139892578125
14 17.06005859375
1 399.5849609375
4 18.72998046875
13 14.76513671875
30 18.655029296875
171 31.070068359375
128 15.96484375
142 18.14013671875
137 15.789794921875
103 16.030029296875
56 16.885009765625
15 17.195068359375
1 265.114990234375
43 34.10498046875
40 16.864990234375
68 16.51513671875
102 16.219970703125
122 18.43994140625
134 15.5849609375
135 16.070068359375
119 16.89501953125
83 17.264892578125
42 15.72509765625
11 17.070068359375
1 287.244873046875
4 12.64990234375
9 19.489990234375
24 13.580078125
64 16.66015625
113 16.39990234375
133 16.889892578125
130 16.47998046875
120 16.400146484375
97 17.02001953125
63 17.159912109375
32 16.044921875
9 16.960205078125
1 15.98486328125
1 260.6650390625
4 7.260009765625
9 15.7900390625
17 16.014892578125
45 17.455078125
83 16.945068359375
109 15.949951171875
126 16.389892578125
133 16.7451171875
123 16.909912109375
89 17.044921875
48 15.980224609375
13 16.97998046875
1 218.434814453125
6 14.55517578125
24 17.23486328125
56 15.85009765625
94 17.14501953125
127 17.199951171875
146 15.784912109375
148 17.364990234375
115 15.7001953125
65 16.934814453125
18 18.0751953125
1 289.21484375
4 9.050048828125
9 17.465087890625
14 18.014892578125
28 17.4599609375
53 16.655029296875
88 13.784912109375
121 17.010009765625
142 15.91015625
145 17.114990234375
114 15.919921875
64 17.0400390625
17 17.070068359375
1 265.929931640625
6 19.5400390625
15 17.094970703125
47 16.955078125
92 15.52978515625
127 14.795166015625
151 18.469970703125
151 14.60009765625
131 17.114990234375
96 15.81982421875
55 17.27001953125
23 15.880126953125
5 16.864990234375
1 213.349853515625
13 21.05517578125
17 19.704833984375
31 14.81005859375
65 17.969970703125
102 13.22509765625
126 17.094970703125
139 15.919921875
134 17.469970703125
101 15.55517578125
56 18.429931640625
15 15.655029296875
1 266.030029296875
6 21.304931640625
16 14.199951171875
47 14.75
92 16.125
135 16.76513671875
159 17.099853515625
138 16.030029296875
82 16.8349609375
24 16.795166015625
1 270.02490234375
4 14.375
8 16.43505859375
11 18.23486328125
26 16.300048828125
52 15.695068359375
90 17.25
121 14.699951171875
140 16.925048828125
147 17.375
135 15.534912109375
113 16.919921875
85 15.925048828125
48 17.114990234375
17 16.260009765625
2 19.18505859375
1 199.10009765625
6 15.539794921875
13 17.10009765625
21 17.840087890625
45 18.135009765625
81 14.704833984375
108 14.80517578125
123 17.010009765625
131 17.094970703125
122 16.1650390625
89 16.7998046875
47 16.205078125
13 16.830078125
2 466.989990234375
12 33.5048828125
15 15.9599609375
26 16.85498046875
36 15.980224609375
47 18.65478515625
56 14.445068359375
61 18.22509765625
57 16.2900390625
45 15.635009765625
29 18.27490234375
12 16.0048828125
2 17
1 590.9951171875
4 8.85986328125
9 16.865234375
17 14.699951171875
28 17.224853515625
38 16
47 16.9951171875
49 17.014892578125
44 15.985107421875
34 17.324951171875
20 15.949951171875
8 16.93994140625
1 16.945068359375
1 200.31005859375
4 16.64501953125
9 19.169921875
14 13.699951171875
22 16.114990234375
33 16.7900390625
63 17.16015625
99 17.014892578125
126 15.85498046875
136 17.155029296875
111 16.125
64 16.905029296875
18 15.909912109375
1 241.360107421875
4 8.58984375
9 17
17 17.05517578125
32 15.925048828125
65 17.164794921875
101 17.05517578125
131 15.934814453125
140 17.22509765625
115 17.005126953125
66 15.81982421875
19 16.050048828125
1 435.77490234375
4 17.4951171875
9 16.6650390625
24 15.974853515625
53 15.830078125
64 14.93994140625
82 17.219970703125
95 15.8701171875
99 19.594970703125
85 15.824951171875
56 16.97509765625
25 18.030029296875
3 14.764892578125
1 249.8701171875
6 18.81982421875
15 15.30517578125
32 16.2099609375
56 17.43505859375
85 16.02001953125
108 16.71484375
122 16.695068359375
120 16.199951171875
92 17.919921875
50 15.89013671875
13 16.830078125
1 232.85498046875
4 16.419921875
13 17.125
30 13.594970703125
57 19.659912109375
93 14.335205078125
129 19.7548828125
141 15.715087890625
129 17.625
102 14.94482421875
64 17.02001953125
30 18.094970703125
7 15.0400390625
1 233.27001953125
6 17.364990234375
16 16.8349609375
32 13.22021484375
56 17.164794921875
84 17.065185546875
110 16
113 20.199951171875
101 16.635009765625
80 16.39990234375
55 15.989990234375
30 16.85009765625
12 13.949951171875
3 16.8349609375
1 19.4951171875
1 265.43994140625
6 17.455078125
24 13.52001953125
55 17.059814453125
89 17.150146484375
111 17.39990234375
127 19.219970703125
124 15.8349609375
96 15.989990234375
52 17.985107421875
15 14.8798828125
1 242.420166015625
4 6.114990234375
9 16.195068359375
17 16.039794921875
45 17.110107421875
83 16.840087890625
109 16.344970703125
126 16.684814453125
133 17.010009765625
124 16.090087890625
89 17.01513671875
48 19.869873046875
12 15.89990234375
1 200.425048828125
4 13.28515625
9 18.52490234375
24 14.52490234375
55 17.375
94 16.875
125 15.885009765625
145 18.205078125
146 14.760009765625
115 16.965087890625
64 17.135009765625
18 17.1298828125
1 526.760009765625
4 5.60498046875
8 16.5
11 16.705078125
19 16.33984375
83 33.0400390625
79 18.505126953125
102 16.135009765625
117 15.364990234375
124 17.169921875
114 20.43505859375
83 14.599853515625
44 17.510009765625
11 16.93505859375
1 211.544921875
13 19.22509765625
17 16.89501953125
46 15.669921875
89 17.219970703125
124 19.320068359375
149 15.875
153 17.14013671875
121 13.77978515625
68 19.89013671875
19 14.1650390625
1 245.68505859375
13 21.219970703125
17 15.7548828125
32 16.005126953125
65 18.199951171875
102 15.89990234375
130 15.85498046875
140 17.51513671875
115 15.639892578125
66 17.074951171875
19 16.89013671875
1 301.929931640625
4 17.570068359375
8 16.050048828125
11 16.5
20 17.119873046875
41 14.89013671875
78 15.914794921875
111 15.945068359375
120 18.22509765625
109 16.059814453125
89 15.820068359375
61 16.2099609375
32 16.735107421875
13 17
2 16.98486328125
1 201.0751953125
4 15.77490234375
13 15.97509765625
31 16.489990234375
66 17.83984375
104 15.10498046875
128 19.855224609375
141 17.08984375
137 15.955078125
103 16.125
56 17.114990234375
16 18
1 245.784912109375
6 16.675048828125
24 17.594970703125
63 15.544921875
105 16.91015625
131 17.1298828125
146 16.030029296875
141 17.074951171875
108 15.885009765625
59 18.275146484375
16 15.6298828125
1 210.094970703125
4 6.094970703125
9 17.7900390625
17 16.375
46 15.9501953125
84 18.034912109375
115 18.044921875
121 15.844970703125
110 17.320068359375
89 16.054931640625
59 16.89501953125
32 17.125
11 16.199951171875
2 17.300048828125
1 197.130126953125
4 19.419921875
9 15.985107421875
17 16.669921875
46 16.64501953125
84 15.280029296875
110 17.9599609375
128 16.034912109375
128 14.80517578125
101 17.144775390625
56 15.860107421875
16 17.18994140625
1 435.05517578125
6 17.219970703125
16 16.2998046875
32 13.800048828125
139 37.135009765625
95 13.375
92 15.9951171875
84 17.179931640625
65 17.169921875
42 16.070068359375
22 19.2099609375
6 16.090087890625
1 184.75
4 13.46484375
9 16.18505859375
14 16.340087890625
22 17.52001953125
45 16.169921875
78 17.280029296875
106 16.22998046875
124 16.77001953125
126 15.919921875
100 17.175048828125
55 16.2451171875
16 16.875
1 244.889892578125
4 4.68994140625
8 19.18505859375
11 17.130126953125
25 15.794921875
52 14.869873046875
83 17.590087890625
111 16.77490234375
116 15.64501953125
103 16.239990234375
83 16.93017578125
56 16.534912109375
31 16.485107421875
13 17.02001953125
3 17.39990234375
1 234.260009765625
6 18.264892578125
16 16
31 15.735107421875
66 14.85498046875
104 15.8798828125
127 17.155029296875
140 19.344970703125
136 15.97509765625
102 14.93994140625
56 15.755126953125
15 18.264892578125
1 241.10498046875
4 9.719970703125
8 16.945068359375
11 15.985107421875
18 16.85986328125
44 17.199951171875
80 16.900146484375
112 16.27490234375
121 16.60009765625
108 14.034912109375
87 19.31494140625
59 16.85009765625
32 16.9951171875
12 13.73486328125
3 17.0849609375
1 255.739990234375
4 10.8349609375
9 19.210205078125
14 15.72998046875
22 18.135009765625
33 16.280029296875
52 15.699951171875
76 14.514892578125
102 16.02001953125
112 17.114990234375
97 17.01513671875
58 15.96484375
19 18.35009765625
1 15.635009765625
1 252.89501953125
6 16.4150390625
16 16.239990234375
47 13.294921875
86 17.389892578125
112 16.025146484375
130 16.93994140625
130 16.735107421875
101 16.244873046875
56 19.39013671875
15 16.829833984375
1 282.554931640625
4 16.68505859375
9 14.81494140625
17 18.55517578125
85 33.864990234375
80 16.989990234375
104 13.550048828125
119 16.21484375
126 18.114990234375
125 15.775146484375
108 16.155029296875
75 16.83984375
37 17.10498046875
10 16.06005859375
1 285.0400390625
6 18.510009765625
16 15.090087890625
32 18.259765625
56 15.985107421875
83 17.550048828125
94 12.830078125
93 16.614990234375
84 16.534912109375
66 16.804931640625
42 16.47509765625
21 18.909912109375
6 16.804931640625
1 216.010009765625
4 18.93017578125
9 15.60498046875
18 16.93994140625
32 16.969970703125
67 13.449951171875
112 16.170166015625
127 20.1748046875
120 16.090087890625
99 16.85009765625
67 15.89990234375
33 15.949951171875
10 17.440185546875
1 14.5
1 599.949951171875
6 16.030029296875
15 19.39501953125
47 14.68994140625
90 17.949951171875
108 13.925048828125
128 17.074951171875
129 18.385009765625
102 14.675048828125
57 17.02001953125
17 16.89990234375
1 247.47998046875
13 19.330078125
17 16.405029296875
32 15.9599609375
54 18.135009765625
80 16.0849609375
90 16.7548828125
90 15.985107421875
84 19.340087890625
67 17.0498046875
44 15.715087890625
22 17.135009765625
6 15.695068359375
1 180.159912109375
27 38.159912109375
22 15.77001953125
32 16.400146484375
47 18.364990234375
58 11.955078125
69 17.044921875
80 18.780029296875
86 14.219970703125
78 17.260009765625
57 16.050048828125
33 16.974853515625
10 17.10009765625
1 285.5400390625
4 17.43994140625
9 15.52490234375
25 16.175048828125
54 16.2099609375
86 18.025146484375
110 13.64990234375
124 16.64501953125
129 16.60498046875
117 16.429931640625
85 18.705078125
45 14.715087890625
11 20.389892578125
1 215.510009765625
4 16.580078125
9 16.989990234375
14 15.77001953125
28 16.324951171875
53 17.030029296875
82 17.0400390625
105 13.849853515625
120 19.60498046875
126 16.03515625
116 17.385009765625
85 15.75
45 17.344970703125
12 17.125
1 448.929931640625
4 14.840087890625
9 17.309814453125
14 15.56005859375
22 17.2451171875
32 15.969970703125
51 16.73486328125
72 16.275146484375
83 16.954833984375
84 19.39501953125
81 13.570068359375
67 17
46 17.02001953125
25 15.8798828125
8 17.195068359375
1 15.929931640625
1 346.9501953125
27 38.684814453125
22 16.8701171875
83 33.235107421875
75 14.85986328125
98 15.97998046875
114 16.93505859375
122 16.125
115 18.179931640625
85 15.2451171875
45 16.974853515625
13 16.455078125
1 321.3798828125
4 11.89013671875
9 16.85009765625
14 20.119873046875
55 110.68505859375
600 18.454833984375
17 18.005126953125
1 332.465087890625
4 16.19482421875
8 19.175048828125
10 16.735107421875
31 32.974853515625
21 16.360107421875
31 18.320068359375
42 15.864990234375
51 16.010009765625
62 16.83984375
87 13.60498046875
119 19.565185546875
133 16.875
114 13.64990234375
67 19.340087890625
19 16.949951171875
1 350.780029296875
6 16.344970703125
15 16.349853515625
32 13.2451171875
51 19.655029296875
78 14.429931640625
109 15.93994140625
114 17.16015625
104 17.1298828125
84 15.705078125
57 20.43994140625
32 15.005126953125
14 16.804931640625
3 17.175048828125
1 260.58984375
12 19.66015625
11 17.829833984375
19 17.440185546875
32 15.699951171875
53 15.829833984375
86 17.960205078125
117 15.72998046875
138 16.56982421875
136 17.3701171875
118 16.18994140625
89 15.735107421875
54 17.1650390625
25 17.06982421875
8 18.39501953125
1 18.5
1 279.22998046875
4 17.300048828125
9 15.639892578125
17 16.3251953125
32 20.044921875
50 15.804931640625
75 15.66015625
102 15.81982421875
121 16.295166015625
117 16.655029296875
103 16.06494140625
79 17.119873046875
52 16.8701171875
26 17.369873046875
10 18.01513671875
2 14.619873046875
1 245.405029296875
4 4.525146484375
8 17.159912109375
11 18.43505859375
19 18.0400390625
32 15.635009765625
64 14.85986328125
100 15.2451171875
128 16.544921875
137 17.169921875
112 16.97998046875
66 15.85009765625
18 17.135009765625
1 285.195068359375
4 14.7998046875
9 16.905029296875
17 18.0849609375
32 17.110107421875
66 17.1201171875
102 16.019775390625
126 16.045166015625
138 16.989990234375
133 14.83984375
102 18.260009765625
55 16.9150390625
15 14.949951171875
1 266.06005859375
4 16.22509765625
9 19.369873046875
17 16.9599609375
32 16.105224609375
54 16.7998046875
81 17.425048828125
105 14.68505859375
120 16.594970703125
117 15.06494140625
101 17.570068359375
76 15.905029296875
49 16.989990234375
24 16.179931640625
8 17
1 16.9951171875
1 16.06494140625
1 302.050048828125
6 18.385009765625
16 16.099853515625
46 13.64013671875
85 17.304931640625
117 15.735107421875
132 20.179931640625
112 14.6298828125
66 14.97998046875
19 16.80517578125
1 333.429931640625
4 19.43994140625
9 16.0400390625
17 17.030029296875
33 17.2548828125
63 16.76513671875
101 13.139892578125
130 17.489990234375
134 15.875
119 16.14501953125
93 16.840087890625
58 17.22998046875
28 15.889892578125
9 16.900146484375
1 17.155029296875
1 246.760009765625
27 36.219970703125
22 17.02490234375
47 16.360107421875
77 16.135009765625
105 16.56494140625
125 18.97509765625
122 14.75
107 16.719970703125
80 16.034912109375
51 16.860107421875
25 17.0498046875
9 18.530029296875
1 17.125
1 16.47509765625
1 304.215087890625
4 10.10986328125
8 16.31494140625
11 16.60498046875
19 19.485107421875
31 16.070068359375
51 17.94482421875
79 12.39013671875
106 17.169921875
111 16.880126953125
99 16
79 17.954833984375
54 17.860107421875
30 17.695068359375
13 15.60498046875
3 17
1 14.635009765625
1 286.02490234375
11 15.715087890625
29 17.655029296875
57 15.869873046875
93 14.550048828125
104 15.875
123 17.034912109375
119 16.080078125
101 17.0400390625
78 17
49 16.079833984375
24 17.02001953125
9 19.9501953125
1 16.33984375
1 13.755126953125
1 235.35986328125
6 16.47998046875
16 16.97509765625
46 17.0048828125
88 16.545166015625
109 14.52001953125
129 15.64501953125
127 16.77978515625
109 17.105224609375
82 18.239990234375
52 14.73486328125
25 19.695068359375
8 15.744873046875
2 14.695068359375
1 269.655029296875
4 15.090087890625
9 18.19482421875
17 16.2001953125
85 30.264892578125
81 17.60498046875
108 15.72998046875
120 16.800048828125
100 19.449951171875
59 16.2099609375
16 16.690185546875
1 266.449951171875
4 14.304931640625
9 16.780029296875
14 16.344970703125
22 19.4150390625
45 15.614990234375
78 14.8798828125
106 17.0400390625
124 16.06005859375
126 16.985107421875
99 16.514892578125
56 17.72998046875
16 15.780029296875
1 291.820068359375
4 8.599853515625
9 15.969970703125
17 18.110107421875
32 14.844970703125
65 16.909912109375
102 17.28515625
126 15.659912109375
138 16.525146484375
139 17.034912109375
123 17.125
87 17.320068359375
45 15.52001953125
12 17.134765625
1 287.865234375
4 11.77490234375
9 16.405029296875
17 16.93994140625
28 18.340087890625
39 16.764892578125
66 16.005126953125
98 14.77978515625
123 18.365234375
131 15.824951171875
106 15.7900390625
61 17.179931640625
17 16.385009765625
1 317.18505859375
6 15.954833984375
16 16.56494140625
31 18.115234375
58 16.809814453125
81 14.7451171875
110 17.18505859375
120 17.1298828125
100 16.02490234375
59 16.755126953125
18 16.1298828125
1 593.795166015625
4 6.139892578125
9 17.114990234375
14 16.465087890625
28 15.71484375
138 34.820068359375
102 16.5849609375
119 15.969970703125
127 17.31005859375
125 15.72509765625
114 17.639892578125
94 16.190185546875
68 16.02978515625
38 17.065185546875
15 15.905029296875
4 19.454833984375
1 261.60009765625
12 20.4599609375
11 15.824951171875
18 16.885009765625
32 15.985107421875
52 17.43994140625
75 16.375
85 15.929931640625
90 16.7099609375
92 17.094970703125
86 15.925048828125
70 17.10498046875
46 16.260009765625
24 16.719970703125
6 19.230224609375
1 233.764892578125
4 13.735107421875
9 17.47998046875
17 15.73486328125
32 17.755126953125
65 15.094970703125
110 16.56494140625
127 17.31494140625
121 16.81494140625
102 15.91015625
68 16.780029296875
34 18.5
10 14.780029296875
1 301.6298828125
6 17.635009765625
16 16.215087890625
32 16.655029296875
57 17.119873046875
89 13.68994140625
121 17.010009765625
141 16.10498046875
144 20.969970703125
112 15.55517578125
63 16.9150390625
18 16.885009765625
1 276.97998046875
13 20.530029296875
14 19.009765625
22 15.80517578125
33 17.2548828125
52 16.469970703125
77 16.864990234375
100 15.590087890625
115 16.60498046875
122 17.68505859375
113 16.594970703125
83 15.89990234375
43 14.880126953125
12 18.514892578125
1 299.344970703125
4 14.590087890625
9 17.489990234375
24 17.130126953125
55 16.875
89 14.869873046875
102 16.93994140625
99 17.02001953125
91 16.094970703125
79 16.85498046875
64 16.18505859375
43 20.344970703125
26 15.610107421875
10 17.304931640625
3 17.255126953125
1 13.679931640625
1 248.304931640625
43 33.824951171875
39 17.03515625
56 16.510009765625
78 16.974853515625
99 15.969970703125
113 17.010009765625
121 20.175048828125
111 15.0400390625
83 18.47509765625
44 15.659912109375
12 15.840087890625
1 300.875
4 16.77490234375
9 16.574951171875
25 15.93505859375
55 17.56494140625
87 15.735107421875
109 16.10498046875
124 17.169921875
128 17.260009765625
117 15.679931640625
85 17.2001953125
44 16.96484375
12 13.56005859375
1 286.3701171875
4 16.4599609375
9 16.0048828125
17 14.775146484375
46 20.164794921875
88 12.64501953125
106 19.22998046875
105 15.02001953125
93 15.800048828125
69 19.1650390625
42 16.260009765625
17 14.885009765625
3 16.89990234375
1 328.080078125
4 4.820068359375
9 16.75
17 16.574951171875
31 16.034912109375
135 36.39013671875
107 17.1298828125
111 13.580078125
103 18.739990234375
94 14.93505859375
78 15.869873046875
55 17.045166015625
33 16.034912109375
16 16.98486328125
5 17.010009765625
1 16.5400390625
1 345.60498046875
4 4.02001953125
8 18.60009765625
11 15.054931640625
19 16.900146484375
129 32.5498046875
110 17.93017578125
126 15.9248046875
122 15.955078125
105 17.10009765625
81 16.974853515625
50 16.02001953125
24 16.9951171875
8 17.0849609375
1 15.929931640625
1 17.054931640625
1 266.30517578125
6 18.074951171875
16 17.590087890625
31 16.06982421875
57 14.5849609375
84 17.065185546875
110 16.135009765625
113 18.139892578125
101 14.60009765625
80 17.175048828125
55 17.369873046875
30 17.85009765625
12 16.954833984375
3 17.090087890625
1 13.655029296875
1 269.06005859375
6 18.7998046875
16 15.8701171875
48 15.35498046875
86 13.889892578125
112 18.27001953125
128 16
134 17.2001953125
124 16.875
104 18.1298828125
75 16.554931640625
43 16.550048828125
18 16.9951171875
5 13.594970703125
1 233.094970703125
4 17.77001953125
9 15.820068359375
25 16.60498046875
54 17.46484375
87 17.18994140625
110 14.610107421875
123 17.2099609375
129 18.195068359375
117 14.679931640625
85 17.150146484375
44 16.885009765625
12 15.9248046875
1 419.3701171875
4 14.77490234375
8 19.2099609375
11 15.72021484375
19 17.144775390625
30 16.050048828125
63 16.91015625
100 13.744873046875
123 17.1650390625
137 16.2900390625
131 16.9150390625
111 16.06982421875
83 20.30517578125
49 15.97998046875
22 16.204833984375
7 17.76513671875
1 13.7548828125
1 271.16015625
4 11.784912109375
9 17.050048828125
17 15.965087890625
32 16.994873046875
56 17.3701171875
83 16.239990234375
105 16.22998046875
120 20.10498046875
119 12.919921875
91 19.25
50 16.860107421875
13 17.434814453125
1 275.7451171875
4 4.054931640625
9 16.820068359375
17 16.385009765625
45 16.6298828125
193 34.315185546875
126 15.69482421875
133 17.320068359375
122 15.81494140625
90 20.420166015625
47 15.44482421875
13 17.989990234375
1 273.675048828125
4 5.9599609375
9 16.445068359375
18 18.06494140625
30 14.97509765625
136 37.7099609375
104 14.5400390625
121 17.070068359375
120 13.875
93 18.125
51 17.47998046875
13 14.1650390625
1 319.614990234375
11 16.294921875
28 16.619873046875
59 13.75
219 35.9501953125
143 15.9599609375
141 14.60986328125
121 20.344970703125
91 15.065185546875
54 17.0498046875
24 16.775146484375
7 17.18505859375
1 13.77001953125
1 357.18994140625
4 9.550048828125
9 17.06982421875
17 17.14501953125
33 15.965087890625
52 17.320068359375
81 17.58984375
105 14.03515625
119 18.23486328125
125 17.094970703125
115 14.8349609375
83 16.955078125
44 19.239990234375
12 16.094970703125
1 284.900146484375
4 14.31494140625
9 15.52490234375
17 16.860107421875
33 17.125
54 17.10498046875
81 14.784912109375
108 17.16015625
119 16.9248046875
100 18.150146484375
58 14.840087890625
16 18.259765625
1 243.090087890625
4 5.465087890625
8 16.099853515625
11 17.114990234375
18 15.940185546875
32 17.219970703125
63 15.98486328125
99 18.070068359375
128 15.969970703125
131 17.89013671875
117 19.02978515625
92 15.465087890625
58 16.18994140625
28 17.795166015625
9 16.0849609375
1 13.794921875
1 234.195068359375
6 15.64501953125
16 17.875
31 14.89990234375
140 33.965087890625
106 16.135009765625
119 17.030029296875
126 17.0400390625
115 15.93994140625
84 17.079833984375
44 16.89013671875
12 16.0400390625
1 264.875
13 19.58984375
17 15.815185546875
31 16.35498046875
52 20.934814453125
73 12.360107421875
101 16.804931640625
121 16.02001953125
125 17.010009765625
97 17.0400390625
55 16.0400390625
14 16.93505859375
1 391.31982421875
4 8.195068359375
8 19.284912109375
11 16.31005859375
19 18.52001953125
47 15.919921875
79 16.09521484375
108 16.789794921875
126 15.22509765625
123 15.47509765625
106 15.969970703125
81 17.1650390625
51 16.98486328125
25 16.219970703125
9 20.31005859375
2 15.715087890625
3 246.949951171875
14 20.419921875
31 15.93994140625
57 16.0400390625
214 31.260009765625
143 15.880126953125
143 17.135009765625
113 17.0849609375
63 15.8349609375
19 18.364990234375
1 293.2548828125
4 5.830078125
8 18.31005859375
15 14.614990234375
30 18.56005859375
56 16.64501953125
80 13.85986328125
105 17.9951171875
119 15.969970703125
126 18.27001953125
115 17.369873046875
85 17.150146484375
44 15.949951171875
12 17.324951171875
1 480.3701171875
4 18.69482421875
13 16.5400390625
26 17.10009765625
135 32.08984375
99 14.655029296875
98 17.215087890625
89 16.06005859375
69 16.905029296875
42 17.159912109375
20 15.840087890625
4 17.18994140625
1 255.869873046875
4 10.670166015625
9 16.909912109375
17 16.2099609375
32 15.97509765625
55 18.75
89 15.349853515625
119 16.01513671875
141 17.06005859375
138 16.329833984375
119 16.755126953125
90 16.954833984375
54 17.010009765625
24 18.0849609375
7 17.4150390625
1 15.900146484375
1 258.2548828125
4 8.4951171875
9 17.23486328125
17 15.66015625
32 18.60498046875
50 15.06982421875
75 18.26513671875
102 13.1650390625
119 19.304931640625
126 16.090087890625
118 14.56982421875
88 16.525146484375
46 20.099853515625
13 13.25
1 268.085205078125
6 17.56494140625
15 16.10986328125
32 16.795166015625
56 16.909912109375
84 15.889892578125
107 16.900146484375
123 17.4150390625
121 16.81494140625
103 13.35009765625
81 17.579833984375
48 15.64013671875
19 16.824951171875
4 16.260009765625
1 285.719970703125
4 17.2548828125
13 16.960205078125
26 16.659912109375
54 16.300048828125
81 16.184814453125
114 14.01513671875
138 17.18505859375
149 19.22998046875
142 15.94482421875
105 14.945068359375
57 15.905029296875
16 16.8349609375
1 340.900146484375
6 10.434814453125
13 19.135009765625
21 15.025146484375
86 33.530029296875
78 13.794921875
103 16.945068359375
118 16.994873046875
118 15.97509765625
91 17.445068359375
51 16.68994140625
14 15.94482421875
1 280.065185546875
12 19.934814453125
11 17.2001953125
25 16.619873046875
53 15.780029296875
84 16.824951171875
107 17
123 19.35498046875
122 15.940185546875
95 17.08984375
52 15.719970703125
15 19.030029296875
1 281.985107421875
4 16.244873046875
13 13.9951171875
30 17.35986328125
56 18.280029296875
86 15.844970703125
108 16.78515625
121 17.199951171875
127 17.169921875
117 15.76513671875
98 16.054931640625
73 15.93505859375
42 15.800048828125
19 17.309814453125
4 15.955078125
1 16.780029296875
3 252.099853515625
11 17.60009765625
20 15.68505859375
33 17.224853515625
58 18.72509765625
78 14.360107421875
103 17.429931640625
119 15.85498046875
118 13.844970703125
92 17.02490234375
51 17.085205078125
14 16.0849609375
1 453.300048828125
6 13.054931640625
15 17.014892578125
32 16.47998046875
58 17.34521484375
82 17.3349609375
94 14.739990234375
93 17.06494140625
84 17.264892578125
65 15.715087890625
43 17.034912109375
21 17.22509765625
6 19.43994140625
1 251.14013671875
4 11.83984375
9 18.170166015625
17 14.739990234375
28 19.949951171875
60 16.070068359375
110 16.1298828125
128 17.31005859375
125 15.989990234375
119 18.294921875
107 15.920166015625
87 16.58984375
58 16.179931640625
31 17.03515625
13 16.93994140625
3 13.68505859375
1 317.35986328125
6 15.530029296875
13 19.364990234375
21 16.93017578125
35 17.989990234375
50 15.18994140625
78 16.824951171875
104 14.235107421875
109 18.65478515625
102 13.89501953125
93 18.39501953125
77 16.91015625
55 16.8798828125
34 14.7900390625
16 18.2548828125
5 17.050048828125
1 17.06005859375
1 258.005126953125
4 6.489990234375
8 16.804931640625
11 18.080078125
18 14.8349609375
31 18.284912109375
52 17.050048828125
78 14.195068359375
102 16.56494140625
117 17.10986328125
124 19.43505859375
114 16.150146484375
84 16.134765625
44 16.97509765625
12 13.875
1 264.81494140625
13 18.85498046875
17 17.18017578125
31 15.844970703125
54 18.2900390625
82 17.2548828125
104 14.93505859375
119 16.0400390625
127 16.739990234375
124 18.1298828125
107 15.800048828125
74 15.9599609375
37 17.10009765625
10 15.9599609375
1 336.780029296875
4 13.93994140625
10 18.300048828125
16 14.52490234375
32 16.135009765625
54 20.260009765625
82 13.550048828125
105 16.110107421875
119 18.19482421875
125 15.72998046875
114 16.01513671875
83 17.02490234375
44 17.280029296875
11 15.875
1 269.01513671875
6 17.414794921875
13 15.840087890625
21 15.949951171875
35 17.590087890625
66 17.68994140625
101 16.27490234375
128 15.820068359375
130 16.735107421875
116 15.929931640625
89 14.81494140625
56 17.300048828125
27 18.14501953125
10 16.9599609375
1 16.6650390625
1 233.0400390625
6 17.599853515625
16 15.89013671875
32 17.244873046875
57 15.93505859375
91 16.2099609375
121 17.18505859375
139 13.68505859375
145 17.369873046875
132 16.93505859375
96 15.93505859375
50 17.0048828125
14 15.93505859375
1 352.7099609375
6 16.400146484375
15 17.06494140625
32 17.39501953125
55 18.080078125
62 12.8349609375
78 18.96484375
88 13.094970703125
92 17.580078125
81 16.034912109375
56 16.875
28 16.030029296875
6 16.969970703125
1 334.190185546875
4 18.27490234375
9 16.9951171875
14 16.919921875
24 17.419921875
30 14.30517578125
51 17.2099609375
75 16.98486328125
100 13.6201171875
106 19.260009765625
96 17.925048828125
80 15.199951171875
56 16.85986328125
33 15.900146484375
16 14.889892578125
4 20.31005859375
1 15.195068359375
1 325.664794921875
4 5.77001953125
8 16.505126953125
10 16.800048828125
13 18.794921875
17 17.639892578125
22 16.4951171875
31 15.175048828125
45 15.1650390625
68 18.829833984375
91 13.66015625
110 17.094970703125
121 16.099853515625
113 18.4150390625
97 15.91015625
74 15.71484375
45 17.054931640625
22 17.06005859375
7 15.885009765625
1 17.06494140625
1 278.940185546875
4 3.905029296875
8 16.719970703125
11 17.699951171875
19 15.919921875
32 16.420166015625
52 16.894775390625
77 16.635009765625
104 16.025146484375
109 17
97 16.43505859375
80 17.809814453125
55 15.7900390625
32 17.150146484375
14 16.31982421875
4 16.76513671875
1 18.824951171875
1 417.219970703125
4 16.715087890625
9 15.784912109375
14 17.294921875
22 13.614990234375
29 18.22998046875
38 14.760009765625
46 17.1201171875
52 15.869873046875
55 18.2001953125
50 14.93994140625
40 18.014892578125
26 15.780029296875
12 17.4599609375
2 15.5400390625
1 600.18017578125
6 18.169921875
15 16.06494140625
28 14.844970703125
40 18.205078125
51 15.794921875
60 16.0400390625
65 17.06494140625
66 17.090087890625
64 15.840087890625
58 17.18994140625
49 16.6650390625
39 15.98486328125
28 17.114990234375
17 16.85498046875
8 16.005126953125
4 16.909912109375
1 33.10498046875
1 235.8701171875
6 16.56494140625
13 16.909912109375
21 17.39013671875
34 16.829833984375
54 16.4951171875
79 14.925048828125
102 14.919921875
119 19.85498046875
117 15.824951171875
91 18.114990234375
50 15.239990234375
13 16.150146484375
1 298.52490234375
4 15.820068359375
9 19.324951171875
14 16.054931640625
22 17.18505859375
33 16.090087890625
51 14.744873046875
76 17.10009765625
99 16.014892578125
112 17.340087890625
97 16.195068359375
60 16.489990234375
21 16.955078125
1 16.199951171875
1 371.2900390625
4 13.179931640625
8 18.77001953125
11 16.489990234375
19 15.81494140625
31 16.844970703125
51 16.72509765625
75 13.93994140625
92 16.705078125
91 19.2099609375
70 15.179931640625
38 15.659912109375
9 16.240234375
1 315.219970703125
27 35.625
22 18.684814453125
34 16.72021484375
49 15.914794921875
71 14.565185546875
81 16.679931640625
84 19.675048828125
79 13.5048828125
67 17.18994140625
48 15.80517578125
26 17.1748046875
10 15.940185546875
1 18.2900390625
1 237.599853515625
4 12.8349609375
9 15.130126953125
17 19.119873046875
128 32.420166015625
109 18.14990234375
128 13.264892578125
130 16.4150390625
101 19.05517578125
57 17.02490234375
16 13.8798828125
1 340.18017578125
4 10.06005859375
8 17.294921875
11 17.820068359375
18 16.789794921875
31 17.47509765625
52 15.81494140625
78 18.155029296875
103 12.4150390625
119 17.030029296875
115 19.27001953125
100 13.679931640625
76 16.889892578125
49 16.900146484375
24 16.14501953125
9 17.119873046875
1 19.14013671875
1 15.244873046875
1 274.610107421875
4 7.18505859375
8 20.43994140625
11 14.739990234375
18 17.119873046875
44 14.690185546875
82 18.260009765625
101 14.669921875
100 17.02490234375
92 15.89013671875
72 17.33984375
44 16.01513671875
19 17.094970703125
4 17.034912109375
1 301.590087890625
6 18.655029296875
15 14.27001953125
32 17.389892578125
57 16.510009765625
85 17.400146484375
108 13.260009765625
120 16.784912109375
125 17.094970703125
114 18.25
82 14.6650390625
43 16.98486328125
12 16.55517578125
1 270.184814453125
4 14.235107421875
9 18.3349609375
17 16.43505859375
46 15.705078125
83 16.27978515625
110 14.795166015625
126 16.949951171875
132 18.614990234375
123 16.60498046875
89 17.22998046875
47 13.715087890625
13 16.929931640625
1 383.25
4 18.9150390625
9 16.580078125
17 16.85986328125
32 16.635009765625
55 14.010009765625
80 18.8701171875
91 15.0048828125
90 17.3349609375
82 15.670166015625
65 17.14501953125
44 15.699951171875
22 17.169921875
7 16.880126953125
1 15.93994140625
1 355.31982421875
4 12.05517578125
9 15.68505859375
14 19.669921875
28 16.034912109375
54 14.28515625
82 19.7548828125
94 15.679931640625
93 14.594970703125
84 15.97021484375
67 19.72998046875
42 14.64990234375
22 15.905029296875
6 18.050048828125
1 260.8349609375
4 4.719970703125
9 16.409912109375
14 17.31005859375
28 18.02001953125
64 16.7099609375
101 14.739990234375
127 15.905029296875
140 17.10498046875
136 18.27001953125
104 17.945068359375
56 13.655029296875
16 17.139892578125
1 291.02001953125
4 8.52490234375
8 19.920166015625
11 15.39990234375
18 16.235107421875
32 17.02001953125
64 17.969970703125
100 12.7900390625
129 17.14990234375
137 17.030029296875
113 15.925048828125
65 17.099853515625
18 15.9599609375
1 313.56005859375
12 20.39501953125
11 16.195068359375
16 20.635009765625
21 15.010009765625
33 16.68994140625
49 16.7900390625
80 13.72998046875
113 18.135009765625
135 15.97509765625
138 16.894775390625
111 15.97509765625
62 17.090087890625
18 15.934814453125
1 348.230224609375
13 18.864990234375
14 16.06494140625
22 20.764892578125
45 14.610107421875
79 17
96 15.929931640625
101 14.820068359375
100 16.945068359375
92 17.014892578125
72 16.010009765625
43 17.054931640625
19 16.47998046875
3 16.53515625
1 254.58984375
4 13.6201171875
8 15.155029296875
11 16.364990234375
18 19.114990234375
32 17.454833984375
52 15.43017578125
78 17.31982421875
102 13.710205078125
118 20.2548828125
118 12.77490234375
92 20.275146484375
52 13.724853515625
14 16.18505859375
1 454.635009765625
4 13.030029296875
8 17.800048828125
10 17.054931640625
13 16.135009765625
15 16.9951171875
15 16.64990234375
19 14.27490234375
25 19.68505859375
31 13.775146484375
38 16.594970703125
43 16.10986328125
47 17.03515625
45 16.849853515625
38 16.1201171875
27 16.969970703125
15 17.094970703125
5 15.955078125
1 16.969970703125
1 430.31494140625
27 38.1650390625
22 17.205078125
34 17.974853515625
50 12.43994140625
76 19.715087890625
100 13.260009765625
112 16.97509765625
97 17.125
60 15.8798828125
20 16.949951171875
1 17.18505859375
1 317.02490234375
4 15.9150390625
9 16.840087890625
17 16.10986328125
33 20.28515625
52 14.739990234375
81 17.090087890625
111 14.804931640625
139 18.125
142 14.77490234375
125 17.72509765625
95 17.7900390625
57 14.52001953125
26 16.034912109375
7 17.114990234375
1 16.830078125
1 224.010009765625
4 9.875
9 16.1748046875
17 17.260009765625
34 17.010009765625
47 17.545166015625
63 14.2099609375
75 19.60986328125
86 15.440185546875
88 15.044921875
82 20.260009765625
72 12.849853515625
55 16.8251953125
37 17.33984375
20 15.864990234375
8 16.47509765625
2 17.10009765625
1 368.409912109375
6 17.10498046875
16 17.054931640625
31 16.260009765625
139 33.03515625
110 15.889892578125
113 14.60498046875
101 18.150146484375
81 19.1298828125
55 12.60498046875
30 17
13 17.2099609375
3 15.905029296875
1 17.02001953125
1 269.590087890625
4 13.474853515625
9 16.9150390625
17 19.739990234375
129 32.219970703125
109 13.820068359375
126 17.425048828125
133 15.909912109375
124 16.52001953125
104 17.10009765625
76 17.135009765625
44 15.974853515625
19 17.025146484375
4 17.014892578125
1 17.360107421875
1 272.434814453125
4 9.39013671875
9 17.030029296875
17 18.304931640625
32 16.610107421875
54 14.7998046875
82 19.43017578125
104 13.81982421875
120 17.14013671875
120 15.9150390625
92 17.135009765625
51 17.19482421875
14 15.655029296875
1 295.080078125
4 4.7548828125
8 19.3701171875
11 17.56494140625
18 16.2099609375
45 13.16015625
79 17.0048828125
112 18.544921875
128 14.565185546875
110 16.949951171875
65 16.969970703125
19 16.114990234375
1 316.735107421875
4 20.43994140625
9 14.764892578125
17 16.824951171875
45 17.625
83 15.760009765625
110 16.7900390625
128 13.68017578125
125 17.059814453125
108 17.10498046875
83 15.85498046875
51 17.085205078125
25 17.039794921875
9 16.010009765625
2 19.315185546875
1 260.434814453125
4 4.489990234375
9 15.8251953125
17 17.389892578125
28 16.005126953125
50 20.27490234375
79 13.455078125
105 15.89990234375
121 16.905029296875
127 16.280029296875
117 17.955078125
85 16.02490234375
45 16.0048828125
12 16.985107421875
1 285.719970703125
6 16.52001953125
16 16.68505859375
47 16.02001953125
85 14.804931640625
117 17.014892578125
132 16.10009765625
118 16.72509765625
93 16.059814453125
57 16.89501953125
23 17.074951171875
5 16.085205078125
1 352.599853515625
6 16.280029296875
15 17.655029296875
32 16.639892578125
56 15.815185546875
84 14.83984375
107 15.9599609375
121 17.150146484375
120 16.034912109375
92 16.489990234375
52 17.030029296875
14 17.235107421875
1 301.0849609375
4 15.284912109375
8 16.324951171875
11 19.065185546875
25 15.919921875
52 17.864990234375
83 16.889892578125
113 13.280029296875
141 16.3251953125
145 19.2548828125
128 17.255126953125
97 13.519775390625
59 19.505126953125
26 14.739990234375
6 16.77490234375
1 18.010009765625
1 264.455078125
6 17.4599609375
16 18.735107421875
32 17.0400390625
56 15.554931640625
83 18.135009765625
107 12.534912109375
121 17.215087890625
121 16.044921875
93 16.824951171875
50 19.22998046875
14 15.10009765625
1 318.705078125
6 16.514892578125
16 14.2451171875
47 19.844970703125
93 12.304931640625
135 17.080078125
148 16.89501953125
137 18.3349609375
109 14.794921875
69 17.14013671875
31 15.804931640625
8 19.445068359375
1 299.764892578125
6 17.340087890625
15 17.264892578125
33 14.659912109375
57 16.739990234375
91 17.4150390625
121 15.7451171875
141 14.669921875
143 19.304931640625
112 14.9951171875
62 18.0400390625
18 14.7099609375
1 301.235107421875
4 17.35498046875
9 17.179931640625
17 15.744873046875
32 17.625
54 15.9951171875
82 16.034912109375
105 18.2451171875
120 15.75
119 13.929931640625
93 16.875
50 19.284912109375
14 13.960205078125
1 401.58984375
4 18.47509765625
9 15.179931640625
17 17.2451171875
28 15.889892578125
49 17.824951171875
80 13.64501953125
105 15.91015625
122 18.22998046875
122 15.824951171875
95 15.919921875
53 17.655029296875
15 17.844970703125
1 428.22998046875
12 19.8349609375
11 17.30517578125
18 16.219970703125
28 17.280029296875
37 16.054931640625
51 18.219970703125
80 14.485107421875
111 16.974853515625
131 18.844970703125
131 15.25
113 15.97998046875
86 15.940185546875
54 17.22998046875
26 16.864990234375
8 15.98486328125
2 18.065185546875
1 280.7548828125
27 34.050048828125
22 19.25
33 17.22998046875
51 16.35498046875
76 14.409912109375
103 16.195068359375
106 17.050048828125
96 19
79 13.989990234375
55 16.544921875
32 16.97509765625
14 16.1298828125
4 17.030029296875
1 16.93994140625
1 221.715087890625
4 11.280029296875
9 19.320068359375
17 16.179931640625
32 18.070068359375
54 12.33984375
80 19.735107421875
91 14.48486328125
94 18.01513671875
93 15.135009765625
85 16.840087890625
68 18.554931640625
44 17.98486328125
22 15.815185546875
6 13.454833984375
1 220.155029296875
4 16.719970703125
9 16.75
25 15.51513671875
55 14.875
87 17.18994140625
110 15.8349609375
125 18.275146484375
123 14.769775390625
95 17.030029296875
52 16.005126953125
14 17.08984375
1 282.8251953125
4 19.7998046875
9 16.090087890625
18 16.455078125
33 15.93994140625
65 17.264892578125
102 17.300048828125
130 13.275146484375
134 17.23486328125
118 18.97998046875
91 14.89013671875
57 15.9150390625
28 19.510009765625
9 14.784912109375
1 19.27490234375
1 260.6650390625
13 19.47509765625
14 18.489990234375
22 18.2099609375
45 14.574951171875
78 14.804931640625
111 16.885009765625
127 16.455078125
108 17.02001953125
63 17.0048828125
18 15.989990234375
1 288.18505859375
4 15.570068359375
9 16.5849609375
17 12.47509765625
28 20.284912109375
50 13.054931640625
81 16.5751953125
104 16.554931640625
122 18.0048828125
121 15.43505859375
96 19.445068359375
52 15.704833984375
15 16.14013671875
1 350.824951171875
6 16.945068359375
15 16.349853515625
32 17.03515625
56 16.204833984375
84 16.940185546875
107 13.635009765625
121 16.929931640625
126 17.02490234375
115 16.01513671875
83 17.10986328125
43 17.255126953125
11 15.56005859375
1 312.469970703125
4 5.21484375
8 18.735107421875
10 16.764892578125
13 16.030029296875
27 18.22509765625
50 12.445068359375
79 18.625
108 15.760009765625
121 15.47998046875
102 17.099853515625
60 17.074951171875
17 15.9150390625
1 352.18994140625
6 16.655029296875
16 16.985107421875
32 15.60986328125
56 14.66015625
85 16.864990234375
111 17.199951171875
121 16.64013671875
99 18.244873046875
57 14.580078125
16 17.14501953125
1 266.2548828125
4 17.18505859375
9 19.659912109375
17 14.93017578125
32 17.264892578125
66 17.114990234375
103 15.4951171875
126 14.344970703125
139 19.284912109375
134 13.780029296875
100 17.030029296875
54 16.175048828125
15 18.144775390625
1 275.5751953125
4 6.794921875
9 17.094970703125
14 18.340087890625
28 16.3798828125
53 14.6650390625
82 18.669921875
106 15.30517578125
121 16.114990234375
121 16.054931640625
94 16.9599609375
52 17.0400390625
15 15.889892578125
1 333.68017578125
6 19.5849609375
15 16.205078125
32 16.704833984375
56 16.025146484375
84 14.664794921875
111 16.335205078125
121 17.58984375
108 16.420166015625
85 16.804931640625
53 17
23 15.925048828125
4 17.27001953125
1 15.869873046875
1 282.93505859375
4 19.949951171875
9 15.64501953125
40 16.5
93 17.9150390625
115 13.1650390625
115 17.599853515625
109 15.66015625
94 17.14990234375
66 17.300048828125
37 15.599853515625
15 18.72509765625
2 18.135009765625
1 310.7900390625
12 18.544921875
11 16.89013671875
18 16.219970703125
33 18.155029296875
52 17.48486328125
79 16.719970703125
102 17.6650390625
117 15.5400390625
123 15.1650390625
114 19.72998046875
83 14.73486328125
43 14.51513671875
12 18.094970703125
1 284.449951171875
4 15.170166015625
9 15.60498046875
17 17.125
32 16.02001953125
54 16.81982421875
83 17.219970703125
108 15.91015625
120 16.784912109375
99 17.219970703125
57 15.969970703125
16 16.89501953125
1 316.030029296875
4 19.625
9 16.14501953125
17 18.06494140625
32 15.4150390625
54 16.715087890625
82 14.06494140625
105 17.1298828125
119 15.9951171875
125 17.044921875
114 16.97509765625
83 15.989990234375
43 17.02490234375
12 16.065185546875
1 400.139892578125
4 19.199951171875
9 16.2451171875
25 17.844970703125
56 13.320068359375
89 19.0849609375
112 14.56982421875
125 15.925048828125
127 17.135009765625
115 18.840087890625
83 14.68505859375
42 15.849853515625
12 17
1 327.955078125
4 5.905029296875
8 17.094970703125
11 18.155029296875
18 17.68994140625
33 15.735107421875
61 17.06982421875
100 13.7451171875
127 16.06005859375
138 17.02490234375
114 16.989990234375
66 19.52001953125
19 13.455078125
1 349.744873046875
6 19.429931640625
16 16.105224609375
32 14.39990234375
60 17.449951171875
83 15.544921875
111 17.775146484375
113 15.375
100 16.869873046875
80 16.080078125
53 18.31494140625
29 15.670166015625
12 19.224853515625
3 16.52001953125
1 14.39013671875
1 235.760009765625
4 16.894775390625
9 15.085205078125
17 17.7548828125
136 30.794921875
133 16.5
145 17.080078125
135 15.969970703125
110 16.89013671875
70 17.3349609375
32 15.784912109375
8 19.260009765625
1 297.14013671875
6 16.83984375
15 17.550048828125
28 18.260009765625
41 17.465087890625
54 13.52490234375
75 15.9951171875
96 17.099853515625
113 19.125
115 13.675048828125
91 16.89990234375
51 19.5400390625
14 14.820068359375
1 311.10498046875
4 4.530029296875
9 17.2548828125
17 19.485107421875
31 13.034912109375
135 33.795166015625
107 16.034912109375
118 17
100 17.06005859375
59 15.949951171875
19 19.1650390625
1 291.675048828125
4 8.829833984375
9 15.574951171875
17 17.010009765625
31 16.460205078125
55 16.494873046875
87 14.800048828125
127 16.39990234375
137 17.10009765625
128 15.949951171875
102 18.094970703125
65 18.1201171875
30 13.7900390625
7 17.034912109375
1 333.330078125
6 16.199951171875
16 19.02001953125
31 13.919921875
56 20.169921875
84 13.320068359375
107 17.18505859375
122 19.06005859375
120 13.909912109375
103 16.994873046875
81 15.93017578125
49 19.260009765625
20 13.934814453125
4 18.340087890625
1 331.860107421875
6 19.31494140625
15 16.429931640625
32 16.01513671875
56 14.77978515625
83 16.025146484375
110 17.0400390625
121 18.704833984375
109 14.425048828125
85 16.93994140625
53 17.170166015625
23 18.474853515625
5 14.28515625
1 17.425048828125
1 303.164794921875
4 13.89501953125
9 16.3701171875
17 17.4150390625
32 16.69482421875
65 16.335205078125
102 15.85498046875
130 15.794921875
134 16.054931640625
118 18.295166015625
92 15.664794921875
58 16.170166015625
28 18.260009765625
9 15.309814453125
1 19.840087890625
1 262.81005859375
43 33.679931640625
39 16.97509765625
56 17.074951171875
77 15.820068359375
98 17.309814453125
115 15.864990234375
112 19.090087890625
97 14.804931640625
76 17.320068359375
49 15.830078125
25 16.97998046875
9 18.489990234375
2 14.494873046875
1 19.52001953125
1 346.860107421875
4 18.909912109375
9 17.03515625
14 15.794921875
22 17.050048828125
29 16.4599609375
38 17.52490234375
50 13.53515625
64 16.809814453125
74 18.55517578125
73 14.544921875
66 16.929931640625
56 18.125
43 14.820068359375
29 17.14990234375
17 16.070068359375
7 16.985107421875
3 16.969970703125
1 16.094970703125
1 370.244873046875
6 15.34521484375
16 16.64990234375
31 17.050048828125
57 14.96484375
84 15.715087890625
107 16.02001953125
122 19.449951171875
119 14.530029296875
92 15.925048828125
51 17.050048828125
14 17.625
1 309.719970703125
4 6.19482421875
8 17.8701171875
11 17.090087890625
18 17.034912109375
44 15.989990234375
79 18.235107421875
107 13.5048828125
124 16.9599609375
131 16.030029296875
122 16.955078125
90 18.159912109375
48 16.030029296875
13 15.840087890625
1 282.260009765625
27 36.304931640625
21 16.85498046875
33 16.135009765625
51 16.73486328125
75 17.3251953125
99 13.58984375
115 16.775146484375
122 18.46484375
114 17.170166015625
85 16.68994140625
45 13.695068359375
12 17.099853515625
1 353.045166015625
6 16.52978515625
23 15.864990234375
56 17.670166015625
93 12.7548828125
107 17.25
101 16.93017578125
89 16.014892578125
65 17.0400390625
38 16.885009765625
17 19.324951171875
4 16.239990234375
1 248.419921875
4 16.39013671875
9 15.85498046875
17 19.369873046875
33 15.84521484375
66 16.72998046875
102 17.31494140625
126 15.675048828125
138 17.114990234375
133 13.719970703125
101 17.139892578125
55 19.655029296875
15 13.22998046875
1 417.179931640625
4 18.085205078125
7 17.664794921875
12 16.190185546875
46 33.0849609375
37 17.239990234375
51 16.054931640625
69 18.324951171875
91 13.5400390625
109 18.43505859375
109 14.364990234375
96 16.39990234375
75 16.485107421875
51 17.02001953125
27 16.06494140625
11 17.4150390625
3 15.9599609375
1 17.679931640625
1 276.860107421875
4 6.215087890625
8 18.7998046875
11 17.340087890625
25 15.630126953125
135 33.33984375
106 13.760009765625
123 20.43505859375
123 13.56494140625
96 16.025146484375
53 18.219970703125
15 15.81494140625
1 315.9599609375
6 16.8349609375
15 17.260009765625
32 15.68994140625
56 16.25
84 17.815185546875
107 15.919921875
121 18.0849609375
118 17.2099609375
100 17.050048828125
77 15.054931640625
49 19.1201171875
24 15.639892578125
8 15.10009765625
1 15.864990234375
1 16.909912109375
1 228.320068359375
4 5.06494140625
8 18.4951171875
11 14.5
18 19.260009765625
32 13.72998046875
63 19.215087890625
100 14
128 19.169921875
138 17.080078125
114 13.65478515625
65 19.22509765625
18 14.77490234375
1 399.68505859375
6 18.705078125
15 17.179931640625
32 16.025146484375
56 13.954833984375
83 19.574951171875
95 14.510009765625
95 15.925048828125
94 17.25
86 15.955078125
66 18.125
43 18.14501953125
22 14.929931640625
6 18.054931640625
1 290.93017578125
4 6.85986328125
9 18.074951171875
17 15.835205078125
32 15.934814453125
54 18.469970703125
82 14.525146484375
105 17.054931640625
120 16.0400390625
120 16.97509765625
92 17.0498046875
50 15.9150390625
14 17.16015625
1 304.864990234375
4 14.114990234375
8 16.449951171875
14 16.8349609375
31 17.385009765625
55 16.98486328125
89 13.275146484375
129 16.39990234375
139 16.670166015625
128 17.02978515625
102 19.240234375
64 13.7099609375
29 15.885009765625
7 17.2099609375
7 335.3798828125
13 17.8349609375
21 15.93505859375
34 16.820068359375
53 16.280029296875
80 13.885009765625
107 16.655029296875
111 17.114990234375
98 15.934814453125
78 16.8251953125
53 17.224853515625
29 15.93017578125
12 16.949951171875
3 17.199951171875
1 16.10498046875
1 463.635009765625
13 22.094970703125
17 16.27490234375
32 14.5
56 20.3251953125
80 12.52001953125
104 16.85498046875
120 17.114990234375
119 15.9599609375
92 18.114990234375
52 15.875
14 15.889892578125
1 301.580078125
4 15.1201171875
9 16.829833984375
17 16.22998046875
33 19.5
63 14.405029296875
101 15.905029296875
126 17.179931640625
138 15.989990234375
133 16.77001953125
112 19.22998046875
84 14.9501953125
49 15.929931640625
22 18.27001953125
7 14.75
1 18.429931640625
1 294.919921875
4 4.47021484375
7 15.81494140625
12 16.97998046875
18 19.199951171875
82 32.735107421875
78 16.27001953125
102 14.8798828125
118 15.9951171875
119 19.27490234375
93 14.875
52 15.905029296875
14 17.08984375
1 589.445068359375
4 12.485107421875
8 16.39990234375
11 16.800048828125
19 15.050048828125
32 19.369873046875
62 12.719970703125
99 16.955078125
128 16.0849609375
132 17.780029296875
116 15.885009765625
91 16.675048828125
58 17.099853515625
28 16.080078125
10 16.830078125
1 17.5400390625
1 275.434814453125
4 8.210205078125
9 15.1748046875
17 19.0400390625
32 17.255126953125
65 13.5849609375
102 17.449951171875
125 18.14990234375
139 14.864990234375
134 17.980224609375
101 15.059814453125
56 17.050048828125
15 16.550048828125
1 336.080078125
6 16.139892578125
15 16.409912109375
28 16.06005859375
40 16.969970703125
56 15.175048828125
77 16.27001953125
96 15.840087890625
114 17.179931640625
114 15.949951171875
89 17.905029296875
50 15.8349609375
14 17
1 335.47509765625
6 16.31005859375
23 16.264892578125
56 16.830078125
90 15.71484375
114 16.89501953125
126 14.955078125
106 19.320068359375
61 13.669921875
17 17.119873046875
1 442.9501953125
4 6.554931640625
8 16.909912109375
11 19.239990234375
18 16.8251953125
46 14.56494140625
77 15.969970703125
107 18.14501953125
126 16.02001953125
123 15.434814453125
107 16.440185546875
83 17.094970703125
52 16.804931640625
26 16.669921875
9 16.590087890625
2 15.885009765625
1 415.659912109375
15 36.68505859375
9 16.804931640625
11 17.150146484375
10 16.784912109375
9 16.090087890625
7 13.85498046875
6 17.965087890625
3 15.010009765625
1 17.10498046875